UNITS=MM
#
#Num Features
#
F 228

#
#Feature symbol names
#
$0 r120.0
$1 donut_r10360.0x10120.0
$2 r150.0
$3 donut_r20598.13x20358.13

#
#Feature attribute names
#
@0 .string

#
#Feature attribute text strings
#
&0 C1
&1 U1
#
#Layer features
#
L 136.53 -102.19 146.69 -102.19 0 P 0 
L 136.53 -102.23 146.69 -102.23 0 P 0 
L 136.53 -102.27 146.69 -102.27 0 P 0 
L 136.53 -102.31 146.68 -102.31 0 P 0 
L 136.53 -102.35 146.68 -102.35 0 P 0 
L 136.53 -102.39 146.68 -102.39 0 P 0 
L 136.53 -102.44 146.68 -102.44 0 P 0 
L 136.53 -102.47 146.68 -102.47 0 P 0 
L 136.53 -102.52 146.67 -102.52 0 P 0 
L 136.54 -102.55 146.67 -102.55 0 P 0 
L 136.54 -102.59 146.67 -102.59 0 P 0 
L 136.54 -102.63 146.67 -102.63 0 P 0 
L 136.55 -102.67 146.66 -102.67 0 P 0 
L 136.55 -102.71 146.66 -102.71 0 P 0 
L 136.56 -102.75 146.66 -102.75 0 P 0 
L 136.56 -102.80 146.65 -102.80 0 P 0 
L 136.56 -102.83 146.64 -102.83 0 P 0 
L 136.57 -102.88 146.64 -102.88 0 P 0 
L 136.57 -102.92 146.63 -102.92 0 P 0 
L 136.58 -102.96 146.63 -102.96 0 P 0 
L 136.59 -103.0 146.62 -103.0 0 P 0 
L 136.59 -103.04 146.62 -103.04 0 P 0 
L 136.60 -103.08 146.61 -103.08 0 P 0 
L 136.61 -103.12 146.60 -103.12 0 P 0 
L 136.61 -103.16 146.59 -103.16 0 P 0 
L 136.62 -103.20 146.59 -103.20 0 P 0 
L 136.63 -103.24 146.58 -103.24 0 P 0 
L 136.64 -103.28 146.57 -103.28 0 P 0 
L 136.65 -103.32 146.56 -103.32 0 P 0 
L 136.66 -103.36 146.55 -103.36 0 P 0 
L 136.67 -103.40 146.54 -103.40 0 P 0 
L 136.68 -103.44 146.53 -103.44 0 P 0 
L 136.69 -103.48 140.36 -103.48 0 P 0 
L 136.70 -103.52 140.36 -103.52 0 P 0 
L 136.71 -103.56 140.36 -103.56 0 P 0 
L 136.72 -103.60 140.36 -103.60 0 P 0 
L 136.73 -103.64 140.36 -103.64 0 P 0 
L 136.74 -103.68 140.36 -103.68 0 P 0 
L 136.75 -103.72 140.36 -103.72 0 P 0 
L 136.77 -103.76 140.36 -103.76 0 P 0 
L 136.78 -103.80 140.36 -103.80 0 P 0 
L 136.79 -103.84 140.36 -103.84 0 P 0 
L 136.81 -103.88 140.36 -103.88 0 P 0 
L 136.82 -103.92 140.36 -103.92 0 P 0 
L 136.84 -103.96 140.36 -103.96 0 P 0 
L 136.85 -104.0 140.36 -104.0 0 P 0 
L 136.87 -104.04 140.36 -104.04 0 P 0 
L 136.88 -104.08 140.36 -104.08 0 P 0 
L 136.90 -104.12 140.36 -104.12 0 P 0 
L 136.91 -104.16 140.36 -104.16 0 P 0 
L 136.93 -104.20 140.36 -104.20 0 P 0 
L 136.95 -104.24 140.36 -104.24 0 P 0 
L 136.97 -104.28 140.36 -104.28 0 P 0 
L 136.98 -104.32 140.36 -104.32 0 P 0 
L 137.0 -104.36 140.36 -104.36 0 P 0 
L 137.02 -104.40 140.36 -104.40 0 P 0 
L 137.04 -104.44 140.36 -104.44 0 P 0 
L 137.06 -104.48 140.36 -104.48 0 P 0 
L 137.08 -104.52 140.36 -104.52 0 P 0 
L 137.10 -104.56 140.36 -104.56 0 P 0 
L 137.12 -104.60 140.36 -104.60 0 P 0 
L 137.14 -104.64 140.36 -104.64 0 P 0 
L 137.16 -104.68 140.36 -104.68 0 P 0 
L 137.19 -104.72 140.36 -104.72 0 P 0 
L 137.21 -104.76 140.36 -104.76 0 P 0 
L 137.23 -104.80 140.36 -104.80 0 P 0 
L 137.26 -104.84 140.36 -104.84 0 P 0 
L 137.28 -104.88 140.36 -104.88 0 P 0 
L 137.31 -104.92 140.36 -104.92 0 P 0 
L 137.33 -104.96 140.36 -104.96 0 P 0 
L 137.36 -105.0 140.36 -105.0 0 P 0 
L 137.38 -105.04 140.36 -105.04 0 P 0 
L 137.41 -105.08 140.36 -105.08 0 P 0 
L 137.44 -105.12 140.36 -105.12 0 P 0 
L 137.47 -105.16 140.36 -105.16 0 P 0 
L 137.50 -105.20 140.36 -105.20 0 P 0 
L 137.53 -105.24 140.36 -105.24 0 P 0 
L 137.56 -105.28 140.36 -105.28 0 P 0 
L 137.59 -105.32 140.36 -105.32 0 P 0 
L 137.62 -105.36 140.36 -105.36 0 P 0 
L 137.65 -105.40 140.36 -105.40 0 P 0 
L 137.68 -105.44 140.36 -105.44 0 P 0 
L 137.71 -105.48 140.36 -105.48 0 P 0 
L 137.75 -105.52 140.36 -105.52 0 P 0 
L 137.78 -105.56 140.36 -105.56 0 P 0 
L 137.82 -105.60 140.36 -105.60 0 P 0 
L 137.85 -105.64 140.36 -105.64 0 P 0 
L 137.89 -105.68 140.36 -105.68 0 P 0 
L 137.93 -105.72 140.36 -105.72 0 P 0 
L 137.97 -105.76 140.36 -105.76 0 P 0 
L 138.0 -105.80 140.36 -105.80 0 P 0 
L 138.04 -105.84 140.36 -105.84 0 P 0 
L 138.09 -105.88 140.36 -105.88 0 P 0 
L 138.13 -105.92 140.36 -105.92 0 P 0 
L 138.17 -105.96 145.04 -105.96 0 P 0 
L 138.21 -106.0 145.0 -106.0 0 P 0 
L 138.23 -97.22 139.23 -97.22 0 P 0 
L 138.26 -106.04 144.95 -106.04 0 P 0 
L 138.30 -106.08 144.91 -106.08 0 P 0 
L 138.35 -106.12 144.86 -106.12 0 P 0 
L 138.40 -106.16 144.81 -106.16 0 P 0 
L 138.45 -106.20 144.76 -106.20 0 P 0 
L 138.50 -106.24 144.71 -106.24 0 P 0 
L 138.55 -106.28 144.66 -106.28 0 P 0 
L 138.60 -106.32 144.60 -106.32 0 P 0 
L 138.66 -106.36 144.55 -106.36 0 P 0 
L 138.72 -106.40 144.49 -106.40 0 P 0 
L 138.73 -96.72 138.73 -97.72 0 P 0 
L 138.78 -106.44 144.44 -106.44 0 P 0 
L 138.83 -106.48 144.38 -106.48 0 P 0 
L 138.90 -106.52 144.31 -106.52 0 P 0 
L 138.96 -106.56 144.25 -106.56 0 P 0 
L 139.03 -106.60 144.18 -106.60 0 P 0 
L 139.09 -106.64 144.11 -106.64 0 P 0 
L 139.17 -106.68 144.04 -106.68 0 P 0 
L 139.24 -106.72 143.97 -106.72 0 P 0 
L 139.32 -106.76 143.89 -106.76 0 P 0 
L 139.40 -106.80 143.81 -106.80 0 P 0 
L 139.48 -106.84 143.73 -106.84 0 P 0 
L 139.57 -106.88 143.64 -106.88 0 P 0 
L 139.66 -106.92 143.55 -106.92 0 P 0 
L 139.76 -106.96 143.45 -106.96 0 P 0 
L 139.86 -107.0 143.35 -107.0 0 P 0 
L 139.97 -107.04 143.23 -107.04 0 P 0 
L 140.09 -107.08 143.11 -107.08 0 P 0 
L 140.23 -107.12 142.98 -107.12 0 P 0 
L 140.38 -107.16 142.83 -107.16 0 P 0 
L 140.54 -107.20 142.67 -107.20 0 P 0 
L 140.74 -107.24 142.47 -107.24 0 P 0 
L 141.01 -107.28 142.20 -107.28 0 P 0 
L 142.85 -103.48 146.52 -103.48 0 P 0 
L 142.85 -103.52 146.51 -103.52 0 P 0 
L 142.85 -103.56 146.50 -103.56 0 P 0 
L 142.85 -103.60 146.49 -103.60 0 P 0 
L 142.85 -103.64 146.48 -103.64 0 P 0 
L 142.85 -103.68 146.47 -103.68 0 P 0 
L 142.85 -103.72 146.45 -103.72 0 P 0 
L 142.85 -103.76 146.44 -103.76 0 P 0 
L 142.85 -103.80 146.43 -103.80 0 P 0 
L 142.85 -103.84 146.42 -103.84 0 P 0 
L 142.85 -103.88 146.40 -103.88 0 P 0 
L 142.85 -103.92 146.39 -103.92 0 P 0 
L 142.85 -103.96 146.37 -103.96 0 P 0 
L 142.85 -104.0 146.36 -104.0 0 P 0 
L 142.85 -104.04 146.34 -104.04 0 P 0 
L 142.85 -104.08 146.33 -104.08 0 P 0 
L 142.85 -104.12 146.31 -104.12 0 P 0 
L 142.85 -104.16 146.29 -104.16 0 P 0 
L 142.85 -104.20 146.28 -104.20 0 P 0 
L 142.85 -104.24 146.26 -104.24 0 P 0 
L 142.85 -104.28 146.24 -104.28 0 P 0 
L 142.85 -104.32 146.23 -104.32 0 P 0 
L 142.85 -104.36 146.21 -104.36 0 P 0 
L 142.85 -104.40 146.19 -104.40 0 P 0 
L 142.85 -104.44 146.17 -104.44 0 P 0 
L 142.85 -104.48 146.15 -104.48 0 P 0 
L 142.85 -104.52 146.13 -104.52 0 P 0 
L 142.85 -104.56 146.11 -104.56 0 P 0 
L 142.85 -104.60 146.09 -104.60 0 P 0 
L 142.85 -104.64 146.07 -104.64 0 P 0 
L 142.85 -104.68 146.04 -104.68 0 P 0 
L 142.85 -104.72 146.02 -104.72 0 P 0 
L 142.85 -104.76 146.0 -104.76 0 P 0 
L 142.85 -104.80 145.98 -104.80 0 P 0 
L 142.85 -104.84 145.95 -104.84 0 P 0 
L 142.85 -104.88 145.93 -104.88 0 P 0 
L 142.85 -104.92 145.90 -104.92 0 P 0 
L 142.85 -104.96 145.88 -104.96 0 P 0 
L 142.85 -105.0 145.85 -105.0 0 P 0 
L 142.85 -105.04 145.83 -105.04 0 P 0 
L 142.85 -105.08 145.80 -105.08 0 P 0 
L 142.85 -105.12 145.77 -105.12 0 P 0 
L 142.85 -105.16 145.74 -105.16 0 P 0 
L 142.85 -105.20 145.72 -105.20 0 P 0 
L 142.85 -105.24 145.69 -105.24 0 P 0 
L 142.85 -105.28 145.66 -105.28 0 P 0 
L 142.85 -105.32 145.62 -105.32 0 P 0 
L 142.85 -105.36 145.59 -105.36 0 P 0 
L 142.85 -105.40 145.56 -105.40 0 P 0 
L 142.85 -105.44 145.53 -105.44 0 P 0 
L 142.85 -105.48 145.50 -105.48 0 P 0 
L 142.85 -105.52 145.46 -105.52 0 P 0 
L 142.85 -105.56 145.43 -105.56 0 P 0 
L 142.85 -105.60 145.39 -105.60 0 P 0 
L 142.85 -105.64 145.36 -105.64 0 P 0 
L 142.85 -105.68 145.32 -105.68 0 P 0 
L 142.85 -105.72 145.28 -105.72 0 P 0 
L 142.85 -105.76 145.25 -105.76 0 P 0 
L 142.85 -105.80 145.21 -105.80 0 P 0 
L 142.85 -105.84 145.17 -105.84 0 P 0 
L 142.85 -105.88 145.12 -105.88 0 P 0 
L 142.85 -105.92 145.08 -105.92 0 P 0 
P 141.60 -102.19 1 P 0 8 0.0 
L 136.0 -104.48 136.04 -104.43 2 P 0 ;0=0
L 136.04 -104.43 136.09 -104.29 2 P 0 ;0=0
L 136.09 -104.29 136.09 -104.20 2 P 0 ;0=0
L 136.09 -104.20 136.04 -104.05 2 P 0 ;0=0
L 136.04 -104.05 135.95 -103.96 2 P 0 ;0=0
L 135.95 -103.96 135.85 -103.91 2 P 0 ;0=0
L 135.85 -103.91 135.66 -103.86 2 P 0 ;0=0
L 135.66 -103.86 135.52 -103.86 2 P 0 ;0=0
L 135.52 -103.86 135.33 -103.91 2 P 0 ;0=0
L 135.33 -103.91 135.23 -103.96 2 P 0 ;0=0
L 135.23 -103.96 135.14 -104.05 2 P 0 ;0=0
L 135.14 -104.05 135.09 -104.20 2 P 0 ;0=0
L 135.09 -104.20 135.09 -104.29 2 P 0 ;0=0
L 135.09 -104.29 135.14 -104.43 2 P 0 ;0=0
L 135.14 -104.43 135.19 -104.48 2 P 0 ;0=0
L 136.09 -105.43 136.09 -104.86 2 P 0 ;0=0
L 136.09 -105.15 135.09 -105.15 2 P 0 ;0=0
L 135.09 -105.15 135.23 -105.05 2 P 0 ;0=0
L 135.23 -105.05 135.33 -104.96 2 P 0 ;0=0
L 135.33 -104.96 135.38 -104.86 2 P 0 ;0=0
P 149.22 -113.61 3 P 0 8 0.0 
L 162.69 -114.52 162.69 -115.33 2 P 0 ;0=1
L 162.69 -115.33 162.64 -115.42 2 P 0 ;0=1
L 162.64 -115.42 162.59 -115.47 2 P 0 ;0=1
L 162.59 -115.47 162.50 -115.52 2 P 0 ;0=1
L 162.50 -115.52 162.31 -115.52 2 P 0 ;0=1
L 162.31 -115.52 162.21 -115.47 2 P 0 ;0=1
L 162.21 -115.47 162.16 -115.42 2 P 0 ;0=1
L 162.16 -115.42 162.12 -115.33 2 P 0 ;0=1
L 162.12 -115.33 162.12 -114.52 2 P 0 ;0=1
L 161.12 -115.52 161.69 -115.52 2 P 0 ;0=1
L 161.40 -115.52 161.40 -114.52 2 P 0 ;0=1
L 161.40 -114.52 161.50 -114.66 2 P 0 ;0=1
L 161.50 -114.66 161.59 -114.75 2 P 0 ;0=1
L 161.59 -114.75 161.69 -114.80 2 P 0 ;0=1
