UNITS=MM
#
#Num Features
#
F 980

#
#Feature symbol names
#
$0 r300.0
$1 r500.0
$2 r600.0
$3 r200.0
$4 r400.0
$5 rect600.0x1550.0xr150.0
$6 rect650.0x1200.0xr65.0
$7 r150.0
$8 rect7750.0x1100.0xr100.10
$9 rect500.0x400.0xr60.0
$10 rect400.0x600.0xr50.0
$11 r250.0
$12 rect1200.0x1800.0xr250.0
$13 rect8500.0x1500.0xr100.50

#
#Feature attribute names
#
@0 .pad_usage
@1 .geometry
@2 .smd

#
#Feature attribute text strings
#
&0 VIA_ROUNDD500000
&1 VIA_ROUNDD600000
#
#Layer features
#
L 151.59 -102.15 151.60 -102.16 0 P 0 
L 151.59 -101.08 151.59 -102.15 0 P 0 
P 151.59 -101.08 1 P 0 8 0.0 ;0=1,1=0
P 151.60 -102.16 1 P 0 8 0.0 ;0=1,1=0
L 153.08 -96.58 153.08 -94.87 2 P 0 
L 150.82 -107.50 150.82 -107.27 2 P 0 
L 147.81 -89.25 147.19 -89.86 3 P 0 
L 153.71 -107.99 153.59 -107.99 2 P 0 
L 148.96 -95.34 148.96 -95.39 4 P 0 
L 150.82 -93.27 150.82 -93.50 2 P 0 
L 149.29 -102.0 149.17 -102.0 2 P 0 
L 150.82 -86.50 150.65 -86.50 2 P 0 
L 151.85 -92.81 151.85 -92.25 2 P 0 
L 148.15 -103.25 147.58 -103.25 1 P 0 
L 148.15 -95.97 149.17 -94.95 2 P 0 
L 150.82 -100.50 150.79 -100.50 2 P 0 
L 150.28 -108.05 150.82 -107.50 1 P 0 
L 148.15 -103.25 148.15 -103.02 2 P 0 
L 152.0 -92.25 152.56 -92.25 4 P 0 
L 153.48 -97.19 153.25 -96.95 2 P 0 
L 148.15 -96.25 148.15 -95.97 2 P 0 
L 148.30 -108.05 148.14 -108.05 1 P 0 
L 153.08 -91.73 153.08 -91.45 2 P 0 
L 153.68 -97.38 153.25 -96.95 4 P 0 
L 151.85 -99.25 152.64 -99.25 2 P 0 
L 152.56 -92.25 151.85 -92.25 2 P 0 
L 152.50 -85.25 151.85 -85.25 4 P 0 
L 148.15 -103.02 149.17 -102.0 2 P 0 
L 153.59 -107.99 151.85 -106.25 2 P 0 
L 150.80 -93.41 150.80 -93.45 4 P 0 
L 150.04 -87.32 149.36 -88.0 2 P 0 
L 148.15 -89.25 147.81 -89.25 3 P 0 
L 145.92 -106.04 145.92 -104.65 1 P 0 
L 150.82 -100.50 150.82 -99.86 2 P 0 
L 147.09 -90.11 147.09 -90.11 3 P 0 
L 152.49 -93.45 151.85 -92.81 2 P 0 
L 150.79 -100.50 149.29 -102.0 2 P 0 
L 150.65 -86.50 150.10 -87.05 2 P 0 
L 147.58 -103.25 147.09 -103.74 1 P 0 
L 150.82 -99.86 150.87 -99.86 2 P 0 
L 153.63 -98.16 153.63 -97.54 2 P 0 
L 153.25 -96.95 153.23 -96.93 2 P 0 
L 152.0 -92.25 151.93 -92.25 4 P 0 
L 151.47 -99.25 151.85 -99.25 2 P 0 
L 149.26 -94.95 149.17 -94.95 2 P 0 
L 149.17 -102.0 149.17 -102.22 4 P 0 
L 146.10 -104.22 146.22 -104.10 1 P 0 
L 153.15 -84.60 152.50 -85.25 4 P 0 
L 150.79 -93.41 149.20 -95.0 4 P 0 
L 150.10 -87.05 150.04 -87.11 2 P 0 
L 151.90 -85.25 150.10 -87.05 4 P 0 
L 153.0 -99.10 153.41 -98.69 2 P 0 
L 147.78 -107.90 145.92 -106.04 1 P 0 
L 149.95 -108.05 150.28 -108.05 1 P 0 
L 150.10 -87.26 150.10 -87.05 4 P 0 
L 150.71 -93.50 149.26 -94.95 2 P 0 
L 152.56 -92.25 153.08 -91.73 2 P 0 
L 151.85 -92.25 150.82 -93.27 2 P 0 
L 148.15 -89.25 149.17 -88.22 2 P 0 
L 148.11 -89.25 150.10 -87.26 4 P 0 
L 149.20 -95.0 149.20 -95.10 4 P 0 
L 151.93 -92.25 150.80 -93.38 4 P 0 
L 151.85 -85.47 150.82 -86.50 2 P 0 
L 148.96 -95.39 148.20 -96.15 4 P 0 
L 149.17 -102.22 148.15 -103.25 4 P 0 
L 149.36 -88.0 149.17 -88.0 2 P 0 
L 148.15 -96.15 148.05 -96.25 4 P 0 
L 150.04 -87.11 150.04 -87.32 2 P 0 
L 149.20 -95.10 148.96 -95.34 4 P 0 
L 150.87 -99.86 151.47 -99.25 2 P 0 
L 146.66 -103.92 146.65 -103.92 1 P 0 
L 150.82 -93.50 150.71 -93.50 2 P 0 
L 150.80 -93.41 150.79 -93.41 4 P 0 
L 149.17 -88.22 149.17 -88.0 2 P 0 
L 150.82 -107.27 151.85 -106.25 2 P 0 
L 144.95 -92.40 146.99 -90.36 3 P 0 
L 150.80 -93.38 150.80 -93.41 4 P 0 
P 149.95 -108.05 1 P 0 8 0.0 ;0=1,1=0
P 153.25 -96.95 1 P 0 8 0.0 ;0=1,1=0
P 153.08 -91.45 2 P 0 8 0.0 ;0=1,1=1
P 150.10 -87.05 2 P 0 8 0.0 ;0=1,1=1
P 144.95 -92.40 1 P 0 8 0.0 ;0=1,1=0
P 145.92 -106.04 2 P 0 8 0.0 ;0=1,1=1
P 148.30 -108.05 1 P 0 8 0.0 ;0=1,1=0
P 153.71 -107.99 2 P 0 8 0.0 ;0=1,1=1
P 153.15 -84.60 2 P 0 8 0.0 ;0=1,1=1
A 152.49 -93.45 153.08 -94.87 151.08 -94.87 2 P 0 Y 
A 153.0 -99.10 152.64 -99.25 152.64 -98.75 2 P 0 Y 
A 148.14 -108.05 147.78 -107.90 148.14 -107.55 1 P 0 Y 
A 153.23 -96.93 153.08 -96.58 153.58 -96.58 2 P 0 Y 
A 145.92 -104.65 146.10 -104.22 146.52 -104.65 1 P 0 Y 
A 147.09 -90.11 146.99 -90.36 146.74 -90.11 3 P 0 Y 
A 146.22 -104.10 146.65 -103.92 146.65 -104.52 1 P 0 Y 
A 147.09 -90.11 147.19 -89.86 147.44 -90.11 3 P 0 Y 
A 147.09 -103.74 146.66 -103.92 146.66 -103.32 1 P 0 Y 
A 153.48 -97.19 153.63 -97.54 153.13 -97.54 2 P 0 Y 
A 153.63 -98.16 153.41 -98.69 152.88 -98.16 2 P 0 Y 
P 148.15 -96.25 5 P 0 8 90.0 ;0=0,2
P 148.15 -89.25 5 P 0 8 90.0 ;0=0,2
P 150.82 -93.50 6 P 0 8 180.0 ;0=0,2
P 150.82 -100.50 6 P 0 8 180.0 ;0=0,2
P 150.82 -107.50 6 P 0 8 180.0 ;0=0,2
P 149.17 -102.0 6 P 0 8 0.0 ;0=0,2
P 151.85 -106.25 5 P 0 8 270.0 ;0=0,2
P 151.85 -85.25 5 P 0 8 270.0 ;0=0,2
P 150.82 -86.50 6 P 0 8 180.0 ;0=0,2
P 149.17 -94.95 6 P 0 8 0.0 ;0=0,2
P 151.85 -92.25 5 P 0 8 270.0 ;0=0,2
P 148.15 -103.25 5 P 0 8 90.0 ;0=0,2
P 149.17 -88.0 6 P 0 8 0.0 ;0=0,2
P 151.85 -99.25 5 P 0 8 270.0 ;0=0,2
L 147.07 -110.16 147.05 -110.18 7 P 0 
L 146.96 -109.85 146.98 -109.83 7 P 0 
L 146.85 -109.95 146.96 -109.85 7 P 0 
L 146.76 -109.98 146.78 -109.98 7 P 0 
L 147.20 -109.93 147.20 -109.96 7 P 0 
L 149.04 -110.76 149.20 -110.92 7 P 0 
L 146.77 -109.59 146.76 -109.61 7 P 0 
L 147.03 -110.23 147.03 -110.26 7 P 0 
L 147.05 -110.18 147.04 -110.21 7 P 0 
L 147.53 -110.25 147.55 -110.27 7 P 0 
L 148.73 -111.39 148.73 -112.49 7 P 0 
L 146.83 -109.97 146.85 -109.95 7 P 0 
L 146.78 -109.54 146.78 -109.56 7 P 0 
L 146.62 -109.76 146.61 -109.78 7 P 0 
L 147.26 -110.39 147.28 -110.37 7 P 0 
L 147.03 -109.81 147.06 -109.81 7 P 0 
L 146.75 -109.46 146.76 -109.49 7 P 0 
L 146.68 -109.95 146.70 -109.97 7 P 0 
L 148.38 -110.69 148.86 -110.69 7 P 0 
L 146.95 -102.65 146.68 -102.65 7 P 0 
L 146.61 -109.81 146.61 -109.84 7 P 0 
L 147.17 -109.89 147.19 -109.91 7 P 0 
L 147.03 -110.26 147.04 -110.29 7 P 0 
L 146.64 -109.74 146.62 -109.76 7 P 0 
L 147.48 -110.24 147.51 -110.24 7 P 0 
L 147.13 -110.39 147.15 -110.40 7 P 0 
L 147.19 -109.91 147.20 -109.93 7 P 0 
L 146.78 -109.98 146.81 -109.98 7 P 0 
L 147.04 -110.21 147.03 -110.23 7 P 0 
L 147.07 -110.33 147.11 -110.37 7 P 0 
L 146.50 -102.72 145.31 -103.92 7 P 0 
L 146.81 -109.98 146.83 -109.97 7 P 0 
L 148.73 -112.49 148.73 -114.77 7 P 0 
L 149.20 -110.92 148.73 -111.39 7 P 0 
L 147.23 -110.40 147.26 -110.39 7 P 0 
L 147.13 -109.85 147.17 -109.89 7 P 0 
L 147.17 -110.06 147.07 -110.16 7 P 0 
L 147.67 -110.39 147.67 -110.39 7 P 0 
L 145.16 -106.68 146.49 -108.01 7 P 0 
L 146.61 -109.86 146.62 -109.89 7 P 0 
L 146.76 -109.49 146.77 -109.51 7 P 0 
L 146.75 -109.63 146.64 -109.74 7 P 0 
L 146.98 -109.83 147.0 -109.82 7 P 0 
L 147.20 -109.96 147.20 -109.99 7 P 0 
L 147.08 -109.82 147.11 -109.83 7 P 0 
L 146.49 -108.01 146.49 -108.26 7 P 0 
L 146.64 -109.91 146.68 -109.95 7 P 0 
L 147.55 -110.27 147.67 -110.39 7 P 0 
L 147.06 -109.81 147.08 -109.82 7 P 0 
L 147.19 -110.04 147.17 -110.06 7 P 0 
L 147.40 -110.25 147.43 -110.24 7 P 0 
L 144.92 -104.84 144.92 -106.12 7 P 0 
L 147.05 -110.31 147.07 -110.33 7 P 0 
L 146.67 -108.45 146.67 -109.39 7 P 0 
L 146.70 -109.97 146.73 -109.98 7 P 0 
L 147.28 -110.37 147.38 -110.27 7 P 0 
L 147.43 -110.24 147.45 -110.24 7 P 0 
L 147.45 -110.24 147.48 -110.24 7 P 0 
L 147.11 -109.83 147.13 -109.85 7 P 0 
L 147.38 -110.27 147.40 -110.25 7 P 0 
L 147.0 -109.82 147.03 -109.81 7 P 0 
L 147.20 -109.99 147.20 -110.01 7 P 0 
L 146.78 -109.56 146.77 -109.59 7 P 0 
L 146.76 -109.61 146.75 -109.63 7 P 0 
L 147.11 -110.37 147.13 -110.39 7 P 0 
L 146.61 -109.78 146.61 -109.81 7 P 0 
L 147.51 -110.24 147.53 -110.25 7 P 0 
L 146.77 -109.51 146.78 -109.54 7 P 0 
L 146.73 -109.98 146.76 -109.98 7 P 0 
L 147.15 -110.40 147.18 -110.41 7 P 0 
L 147.04 -110.29 147.05 -110.31 7 P 0 
L 147.18 -110.41 147.21 -110.41 7 P 0 
L 146.67 -109.39 146.75 -109.46 7 P 0 
L 146.49 -108.26 146.67 -108.45 7 P 0 
L 146.61 -109.84 146.61 -109.86 7 P 0 
L 147.20 -110.01 147.19 -110.04 7 P 0 
L 147.21 -110.41 147.23 -110.40 7 P 0 
L 146.62 -109.89 146.64 -109.91 7 P 0 
P 146.95 -102.65 1 P 0 8 0.0 ;0=1,1=0
P 146.49 -108.26 1 P 0 8 0.0 ;0=1,1=0
A 145.16 -106.68 144.92 -106.12 145.72 -106.12 7 P 0 Y 
A 148.38 -110.69 147.67 -110.39 148.38 -109.69 7 P 0 Y 
A 146.50 -102.72 146.68 -102.65 146.68 -102.90 7 P 0 Y 
A 144.92 -104.84 145.31 -103.92 146.22 -104.84 7 P 0 Y 
A 148.86 -110.69 149.04 -110.76 148.86 -110.94 7 P 0 Y 
P 148.73 -114.77 8 P 0 8 270.0 ;0=0,2
L 146.40 -103.25 146.65 -103.25 7 P 0 
L 147.12 -109.39 147.90 -110.17 7 P 0 
L 148.39 -110.38 149.79 -110.38 7 P 0 
L 147.15 -108.25 147.05 -108.35 7 P 0 
L 151.27 -111.44 151.27 -114.77 7 P 0 
L 147.05 -108.35 147.05 -109.22 7 P 0 
L 150.50 -110.67 151.27 -111.44 7 P 0 
L 147.15 -108.25 145.44 -106.54 7 P 0 
L 145.22 -106.02 145.22 -104.98 7 P 0 
L 145.62 -104.03 146.40 -103.25 7 P 0 
P 147.15 -108.25 1 P 0 8 0.0 ;0=1,1=0
P 146.65 -103.25 1 P 0 8 0.0 ;0=1,1=0
A 149.79 -110.38 150.50 -110.67 149.79 -111.38 7 P 0 Y 
A 145.22 -104.98 145.62 -104.03 146.56 -104.98 7 P 0 Y 
A 145.44 -106.54 145.22 -106.02 145.96 -106.02 7 P 0 Y 
A 148.39 -110.38 147.90 -110.17 148.39 -109.67 7 P 0 Y 
A 147.12 -109.39 147.05 -109.22 147.30 -109.22 7 P 0 Y 
P 151.27 -114.77 8 P 0 8 270.0 ;0=0,2
L 146.60 -85.10 147.21 -85.71 7 P 0 
L 145.81 -84.40 146.51 -85.10 7 P 0 
L 147.55 -87.50 147.75 -87.50 7 P 0 
L 144.88 -85.10 144.55 -85.10 7 P 0 
L 147.42 -83.0 147.75 -83.0 7 P 0 
L 145.75 -83.0 146.45 -82.30 7 P 0 
L 146.55 -85.10 146.51 -85.10 7 P 0 
L 147.40 -81.60 147.75 -81.60 7 P 0 
L 146.45 -82.30 146.55 -82.30 7 P 0 
L 144.88 -83.70 144.55 -83.70 7 P 0 
L 145.09 -86.59 145.35 -86.84 7 P 0 
L 146.50 -83.70 146.55 -83.70 7 P 0 
L 146.51 -85.10 145.81 -85.80 7 P 0 
L 145.75 -84.40 145.81 -84.40 7 P 0 
L 146.55 -83.70 146.51 -83.70 7 P 0 
L 146.60 -83.70 146.55 -83.70 7 P 0 
L 147.02 -81.32 146.94 -81.24 7 P 0 
L 146.55 -82.30 146.60 -82.30 7 P 0 
L 146.16 -81.24 146.15 -81.25 7 P 0 
L 146.51 -83.70 145.81 -84.40 7 P 0 
L 147.42 -85.80 147.75 -85.80 7 P 0 
L 147.02 -81.32 147.23 -81.53 7 P 0 
L 145.75 -85.80 145.81 -85.80 7 P 0 
L 146.21 -86.84 146.55 -86.50 7 P 0 
L 147.21 -84.31 146.60 -83.70 7 P 0 
L 146.55 -85.10 146.60 -85.10 7 P 0 
L 145.56 -86.93 146.0 -86.93 7 P 0 
L 146.77 -81.17 146.33 -81.17 7 P 0 
L 147.75 -84.40 147.42 -84.40 7 P 0 
L 145.71 -85.80 145.09 -85.19 7 P 0 
L 146.51 -86.50 146.55 -86.50 7 P 0 
L 146.55 -86.50 147.55 -87.50 7 P 0 
L 145.75 -84.40 145.71 -84.40 7 P 0 
L 145.75 -83.0 145.80 -83.0 7 P 0 
L 145.71 -84.40 145.09 -83.79 7 P 0 
L 146.51 -82.30 146.55 -82.30 7 P 0 
L 145.80 -83.0 146.50 -83.70 7 P 0 
L 146.60 -82.30 147.21 -82.91 7 P 0 
L 146.15 -81.94 146.51 -82.30 7 P 0 
L 144.88 -86.50 144.55 -86.50 7 P 0 
L 145.75 -85.80 145.71 -85.80 7 P 0 
L 145.81 -85.80 146.51 -86.50 7 P 0 
L 146.07 -81.43 146.07 -81.76 7 P 0 
P 147.75 -87.50 1 P 0 8 0.0 ;0=1,1=0
A 147.42 -83.0 147.21 -82.91 147.42 -82.70 7 P 0 Y 
A 146.21 -86.84 146.0 -86.93 146.0 -86.63 7 P 0 Y 
A 146.77 -81.17 146.94 -81.24 146.77 -81.42 7 P 0 Y 
A 144.88 -86.50 145.09 -86.59 144.88 -86.80 7 P 0 Y 
A 147.42 -85.80 147.21 -85.71 147.42 -85.50 7 P 0 Y 
A 144.88 -85.10 145.09 -85.19 144.88 -85.40 7 P 0 Y 
A 146.07 -81.43 146.15 -81.25 146.32 -81.43 7 P 0 Y 
A 144.88 -83.70 145.09 -83.79 144.88 -84.0 7 P 0 Y 
A 145.56 -86.93 145.35 -86.84 145.56 -86.63 7 P 0 Y 
A 147.40 -81.60 147.23 -81.53 147.40 -81.35 7 P 0 Y 
A 146.15 -81.94 146.07 -81.76 146.32 -81.76 7 P 0 Y 
A 147.42 -84.40 147.21 -84.31 147.42 -84.10 7 P 0 Y 
A 146.16 -81.24 146.33 -81.17 146.33 -81.42 7 P 0 Y 
P 146.55 -86.50 9 P 0 8 0.0 ;0=0,2
P 147.75 -85.80 9 P 0 8 0.0 ;0=0,2
P 146.55 -85.10 9 P 0 8 0.0 ;0=0,2
P 147.75 -84.40 9 P 0 8 0.0 ;0=0,2
P 144.55 -86.50 9 P 0 8 0.0 ;0=0,2
P 145.75 -85.80 9 P 0 8 0.0 ;0=0,2
P 144.55 -85.10 9 P 0 8 0.0 ;0=0,2
P 145.75 -84.40 9 P 0 8 0.0 ;0=0,2
P 144.55 -83.70 9 P 0 8 0.0 ;0=0,2
P 145.75 -83.0 9 P 0 8 0.0 ;0=0,2
P 146.55 -83.70 9 P 0 8 0.0 ;0=0,2
P 147.75 -83.0 9 P 0 8 0.0 ;0=0,2
P 146.55 -82.30 9 P 0 8 0.0 ;0=0,2
P 147.75 -81.60 9 P 0 8 0.0 ;0=0,2
L 152.88 -102.15 152.89 -102.19 7 P 0 
L 153.29 -102.46 153.29 -104.08 7 P 0 
L 152.97 -101.95 152.94 -101.97 7 P 0 
L 152.31 -104.55 151.98 -104.23 7 P 0 
L 152.81 -104.55 152.31 -104.55 7 P 0 
L 153.15 -101.93 153.11 -101.94 7 P 0 
L 152.91 -102.0 152.89 -102.03 7 P 0 
L 152.89 -102.19 152.91 -102.22 7 P 0 
L 152.69 -101.05 152.39 -101.05 7 P 0 
L 152.87 -102.11 152.88 -102.15 7 P 0 
L 152.94 -101.97 152.91 -102.0 7 P 0 
L 152.97 -102.27 153.01 -102.28 7 P 0 
L 153.25 -101.87 153.22 -101.90 7 P 0 
L 153.05 -101.94 153.01 -101.94 7 P 0 
L 153.11 -101.94 153.05 -101.94 7 P 0 
L 153.11 -102.28 153.15 -102.29 7 P 0 
L 153.15 -102.29 153.19 -102.30 7 P 0 
L 153.25 -102.35 153.27 -102.38 7 P 0 
L 153.29 -101.65 153.29 -101.76 7 P 0 
L 153.22 -102.32 153.25 -102.35 7 P 0 
L 153.16 -104.40 153.13 -104.42 7 P 0 
L 153.22 -101.90 153.19 -101.92 7 P 0 
L 153.01 -102.28 153.05 -102.28 7 P 0 
L 152.39 -101.05 152.35 -101.0 7 P 0 
L 153.29 -101.80 153.27 -101.84 7 P 0 
L 151.98 -104.23 151.44 -104.23 7 P 0 
L 153.27 -102.38 153.29 -102.42 7 P 0 
L 152.88 -102.07 152.87 -102.11 7 P 0 
L 152.94 -102.25 152.97 -102.27 7 P 0 
L 152.91 -102.22 152.94 -102.25 7 P 0 
L 153.01 -101.94 152.97 -101.95 7 P 0 
L 153.29 -102.42 153.29 -102.46 7 P 0 
L 153.19 -102.30 153.22 -102.32 7 P 0 
L 151.44 -104.23 150.50 -104.23 7 P 0 
L 153.19 -101.92 153.15 -101.93 7 P 0 
L 153.27 -101.84 153.25 -101.87 7 P 0 
L 152.89 -102.03 152.88 -102.07 7 P 0 
L 153.29 -101.76 153.29 -101.80 7 P 0 
L 153.05 -102.28 153.11 -102.28 7 P 0 
L 152.98 -101.17 153.17 -101.36 7 P 0 
P 152.35 -101.0 1 P 0 8 0.0 ;0=1,1=0
A 153.13 -104.42 152.81 -104.55 152.81 -104.10 7 P 0 Y 
A 152.69 -101.05 152.98 -101.17 152.69 -101.45 7 P 0 Y 
A 153.17 -101.36 153.29 -101.65 152.89 -101.65 7 P 0 Y 
A 153.29 -104.08 153.16 -104.40 152.84 -104.08 7 P 0 Y 
P 151.85 -104.25 5 P 0 8 270.0 ;0=0,2
P 150.40 -104.20 10 P 0 8 90.0 ;0=0,2
L 152.24 -105.01 152.66 -105.01 7 P 0 
L 153.19 -104.79 153.39 -104.59 7 P 0 
L 153.60 -104.06 153.60 -101.59 7 P 0 
L 150.50 -105.27 151.98 -105.27 7 P 0 
L 153.40 -101.10 152.85 -100.55 7 P 0 
L 152.0 -105.25 152.24 -105.01 7 P 0 
L 151.98 -105.27 152.0 -105.25 7 P 0 
P 152.85 -100.55 1 P 0 8 0.0 ;0=1,1=0
A 153.60 -104.06 153.39 -104.59 152.85 -104.06 7 P 0 Y 
A 153.19 -104.79 152.66 -105.01 152.66 -104.26 7 P 0 Y 
A 153.40 -101.10 153.60 -101.59 152.91 -101.59 7 P 0 Y 
P 150.40 -105.30 10 P 0 8 270.0 ;0=0,2
P 151.85 -105.25 5 P 0 8 270.0 ;0=0,2
L 152.84 -97.58 152.86 -97.58 7 P 0 
L 152.18 -97.25 152.28 -97.35 7 P 0 
L 151.85 -97.25 152.18 -97.25 7 P 0 
L 150.40 -97.20 151.80 -97.20 7 P 0 
L 151.80 -97.20 151.85 -97.25 7 P 0 
P 152.86 -97.58 1 P 0 8 0.0 ;0=1,1=0
A 152.84 -97.58 152.28 -97.35 152.84 -96.78 7 P 0 Y 
P 150.40 -97.20 10 P 0 8 90.0 ;0=0,2
P 151.85 -97.25 5 P 0 8 270.0 ;0=0,2
L 150.40 -98.30 151.80 -98.30 7 P 0 
L 151.80 -98.30 151.85 -98.25 7 P 0 
L 151.85 -98.25 152.86 -98.25 7 P 0 
L 152.86 -98.25 152.88 -98.23 7 P 0 
P 152.88 -98.23 1 P 0 8 0.0 ;0=1,1=0
P 150.40 -98.30 10 P 0 8 270.0 ;0=0,2
P 151.85 -98.25 5 P 0 8 270.0 ;0=0,2
L 155.15 -97.99 155.15 -98.85 7 P 0 
L 154.43 -96.86 154.85 -97.28 7 P 0 
L 154.67 -99.32 154.20 -99.32 7 P 0 
L 153.99 -91.46 153.99 -95.80 7 P 0 
L 151.80 -90.20 151.85 -90.25 7 P 0 
L 153.66 -90.82 153.77 -90.93 7 P 0 
L 152.20 -90.60 153.13 -90.60 7 P 0 
L 155.01 -99.17 154.99 -99.19 7 P 0 
L 150.40 -90.20 151.80 -90.20 7 P 0 
L 151.85 -90.25 152.20 -90.60 7 P 0 
P 154.20 -99.32 1 P 0 8 0.0 ;0=1,1=0
A 154.43 -96.86 153.99 -95.80 155.49 -95.80 7 P 0 Y 
A 153.77 -90.93 153.99 -91.46 153.24 -91.46 7 P 0 Y 
A 155.15 -98.85 155.01 -99.17 154.69 -98.85 7 P 0 Y 
A 154.85 -97.28 155.15 -97.99 154.13 -97.99 7 P 0 Y 
A 153.13 -90.60 153.66 -90.82 153.13 -91.35 7 P 0 Y 
A 154.99 -99.19 154.67 -99.32 154.67 -98.88 7 P 0 Y 
P 150.40 -90.20 10 P 0 8 90.0 ;0=0,2
P 151.85 -90.25 5 P 0 8 270.0 ;0=0,2
L 153.57 -92.64 153.09 -92.64 7 P 0 
L 153.64 -93.21 153.62 -93.23 7 P 0 
L 153.04 -92.93 153.06 -92.94 7 P 0 
L 153.69 -92.55 153.68 -92.57 7 P 0 
L 153.69 -93.15 153.68 -93.17 7 P 0 
L 153.01 -92.67 152.99 -92.69 7 P 0 
L 152.98 -92.71 152.97 -92.73 7 P 0 
L 153.66 -93.59 153.68 -93.61 7 P 0 
L 153.68 -93.61 153.69 -93.63 7 P 0 
L 153.39 -93.29 153.38 -93.31 7 P 0 
L 153.60 -93.54 153.62 -93.55 7 P 0 
L 153.64 -92.61 153.62 -92.63 7 P 0 
L 153.69 -91.84 153.69 -92.33 7 P 0 
L 153.41 -93.51 153.44 -93.53 7 P 0 
L 154.82 -98.08 154.82 -98.41 7 P 0 
L 153.60 -92.94 153.62 -92.95 7 P 0 
L 150.40 -91.30 151.80 -91.30 7 P 0 
L 153.38 -93.47 153.39 -93.49 7 P 0 
L 153.46 -91.06 153.56 -91.16 7 P 0 
L 153.68 -93.17 153.66 -93.19 7 P 0 
L 153.37 -93.42 153.37 -93.45 7 P 0 
L 153.68 -93.01 153.69 -93.03 7 P 0 
L 152.97 -92.76 152.97 -92.82 7 P 0 
L 154.64 -98.83 154.63 -98.84 7 P 0 
L 153.04 -92.65 153.01 -92.67 7 P 0 
L 153.41 -93.27 153.39 -93.29 7 P 0 
L 152.99 -92.89 153.01 -92.91 7 P 0 
L 151.80 -91.30 151.85 -91.25 7 P 0 
L 153.06 -92.94 153.09 -92.94 7 P 0 
L 153.64 -92.97 153.66 -92.99 7 P 0 
L 153.69 -93.12 153.69 -93.15 7 P 0 
L 153.69 -92.34 153.69 -92.52 7 P 0 
L 153.68 -92.57 153.66 -92.59 7 P 0 
L 153.57 -93.24 153.49 -93.24 7 P 0 
L 153.69 -92.33 153.69 -92.33 7 P 0 
L 153.49 -93.24 153.46 -93.24 7 P 0 
L 153.69 -93.63 153.69 -93.66 7 P 0 
L 151.85 -91.25 152.18 -90.92 7 P 0 
L 153.46 -93.24 153.44 -93.25 7 P 0 
L 152.97 -92.73 152.97 -92.76 7 P 0 
L 153.60 -92.64 153.57 -92.64 7 P 0 
L 153.49 -93.54 153.57 -93.54 7 P 0 
L 153.37 -93.33 153.37 -93.36 7 P 0 
L 152.18 -90.92 153.14 -90.92 7 P 0 
L 152.98 -92.87 152.99 -92.89 7 P 0 
L 152.97 -92.85 152.98 -92.87 7 P 0 
L 152.99 -92.69 152.98 -92.71 7 P 0 
L 153.69 -93.66 153.69 -95.80 7 P 0 
L 153.09 -92.94 153.57 -92.94 7 P 0 
L 153.01 -92.91 153.04 -92.93 7 P 0 
L 152.97 -92.82 152.97 -92.85 7 P 0 
L 153.69 -92.33 153.69 -92.34 7 P 0 
L 153.66 -93.19 153.64 -93.21 7 P 0 
L 153.39 -93.49 153.41 -93.51 7 P 0 
L 153.60 -93.24 153.57 -93.24 7 P 0 
L 153.37 -93.45 153.38 -93.47 7 P 0 
L 153.69 -93.03 153.69 -93.06 7 P 0 
L 153.69 -92.52 153.69 -92.55 7 P 0 
L 153.66 -92.59 153.64 -92.61 7 P 0 
L 153.44 -93.25 153.41 -93.27 7 P 0 
L 153.57 -93.54 153.60 -93.54 7 P 0 
L 153.69 -91.48 153.69 -91.84 7 P 0 
L 153.46 -93.54 153.49 -93.54 7 P 0 
L 153.57 -92.94 153.60 -92.94 7 P 0 
L 153.62 -93.23 153.60 -93.24 7 P 0 
L 153.37 -93.36 153.37 -93.42 7 P 0 
L 153.64 -93.57 153.66 -93.59 7 P 0 
L 153.38 -93.31 153.37 -93.33 7 P 0 
L 153.44 -93.53 153.46 -93.54 7 P 0 
L 153.62 -92.95 153.64 -92.97 7 P 0 
L 153.62 -92.63 153.60 -92.64 7 P 0 
L 153.66 -92.99 153.68 -93.01 7 P 0 
L 154.22 -97.07 154.52 -97.38 7 P 0 
L 153.62 -93.55 153.64 -93.57 7 P 0 
L 153.09 -92.64 153.06 -92.64 7 P 0 
L 153.06 -92.64 153.04 -92.65 7 P 0 
L 153.69 -93.06 153.69 -93.12 7 P 0 
P 154.63 -98.84 1 P 0 8 0.0 ;0=1,1=0
A 154.82 -98.41 154.64 -98.83 154.22 -98.41 7 P 0 Y 
A 153.56 -91.16 153.69 -91.48 153.24 -91.48 7 P 0 Y 
A 153.14 -90.92 153.46 -91.06 153.14 -91.38 7 P 0 Y 
A 154.52 -97.38 154.82 -98.08 153.81 -98.08 7 P 0 Y 
A 154.22 -97.07 153.69 -95.80 155.49 -95.80 7 P 0 Y 
P 150.40 -91.30 10 P 0 8 270.0 ;0=0,2
P 151.85 -91.25 5 P 0 8 270.0 ;0=0,2
L 155.32 -89.85 155.30 -89.87 7 P 0 
L 155.30 -89.59 155.32 -89.61 7 P 0 
L 154.59 -89.97 154.59 -90.0 7 P 0 
L 153.56 -83.80 154.37 -84.61 7 P 0 
L 155.36 -89.65 155.37 -89.67 7 P 0 
L 151.85 -83.25 152.17 -83.57 7 P 0 
L 154.71 -89.58 155.25 -89.58 7 P 0 
L 154.60 -89.95 154.59 -89.97 7 P 0 
L 154.62 -89.93 154.60 -89.95 7 P 0 
L 154.59 -89.46 154.59 -89.49 7 P 0 
L 155.37 -89.76 155.37 -89.79 7 P 0 
L 154.62 -89.53 154.64 -89.55 7 P 0 
L 155.34 -89.83 155.32 -89.85 7 P 0 
L 155.25 -89.58 155.28 -89.58 7 P 0 
L 152.17 -83.57 152.99 -83.57 7 P 0 
L 154.59 -85.15 154.59 -89.46 7 P 0 
L 154.69 -95.60 155.81 -96.72 7 P 0 
L 154.59 -89.49 154.60 -89.51 7 P 0 
L 154.68 -89.88 154.66 -89.89 7 P 0 
L 155.30 -89.87 155.28 -89.88 7 P 0 
L 155.32 -89.61 155.34 -89.63 7 P 0 
L 154.68 -89.58 154.71 -89.58 7 P 0 
L 151.80 -83.20 151.85 -83.25 7 P 0 
L 154.66 -89.89 154.64 -89.91 7 P 0 
L 154.71 -89.88 154.68 -89.88 7 P 0 
L 155.28 -89.88 155.25 -89.88 7 P 0 
L 154.64 -89.91 154.62 -89.93 7 P 0 
L 154.60 -89.51 154.62 -89.53 7 P 0 
L 155.37 -89.79 155.36 -89.81 7 P 0 
L 154.59 -90.0 154.59 -95.36 7 P 0 
L 156.25 -97.78 156.25 -98.0 7 P 0 
L 155.25 -89.88 154.71 -89.88 7 P 0 
L 155.36 -89.81 155.34 -89.83 7 P 0 
L 150.40 -83.20 151.80 -83.20 7 P 0 
L 154.66 -89.57 154.68 -89.58 7 P 0 
L 155.28 -89.58 155.30 -89.59 7 P 0 
L 155.37 -89.67 155.37 -89.70 7 P 0 
L 155.34 -89.63 155.36 -89.65 7 P 0 
L 155.37 -89.70 155.37 -89.76 7 P 0 
L 154.64 -89.55 154.66 -89.57 7 P 0 
P 156.25 -98.0 1 P 0 8 0.0 ;0=1,1=0
A 155.81 -96.72 156.25 -97.78 154.75 -97.78 7 P 0 Y 
A 154.37 -84.61 154.59 -85.15 153.82 -85.15 7 P 0 Y 
A 152.99 -83.57 153.56 -83.80 152.99 -84.37 7 P 0 Y 
A 154.69 -95.60 154.59 -95.36 154.92 -95.36 7 P 0 Y 
P 150.40 -83.20 10 P 0 8 90.0 ;0=0,2
P 151.85 -83.25 5 P 0 8 270.0 ;0=0,2
L 154.44 -95.78 155.31 -96.65 7 P 0 
L 150.40 -84.30 151.80 -84.30 7 P 0 
L 155.75 -97.71 155.75 -98.50 7 P 0 
L 151.85 -84.25 152.15 -83.95 7 P 0 
L 152.15 -83.95 153.07 -83.95 7 P 0 
L 151.80 -84.30 151.85 -84.25 7 P 0 
L 153.43 -84.10 154.11 -84.78 7 P 0 
L 154.29 -85.21 154.29 -95.41 7 P 0 
P 155.75 -98.50 1 P 0 8 0.0 ;0=1,1=0
A 154.44 -95.78 154.29 -95.41 154.81 -95.41 7 P 0 Y 
A 153.07 -83.95 153.43 -84.10 153.07 -84.45 7 P 0 Y 
A 155.31 -96.65 155.75 -97.71 154.25 -97.71 7 P 0 Y 
A 154.11 -84.78 154.29 -85.21 153.68 -85.21 7 P 0 Y 
P 151.85 -84.25 5 P 0 8 270.0 ;0=0,2
P 150.40 -84.30 10 P 0 8 270.0 ;0=0,2
L 149.60 -105.30 148.20 -105.30 7 P 0 
L 148.20 -105.30 148.15 -105.25 7 P 0 
L 148.15 -105.25 147.05 -105.25 7 P 0 
L 147.05 -105.25 146.98 -105.17 7 P 0 
P 146.98 -105.17 1 P 0 8 0.0 ;0=1,1=0
P 149.60 -105.30 10 P 0 8 270.0 ;0=0,2
P 148.15 -105.25 5 P 0 8 90.0 ;0=0,2
L 148.15 -104.25 147.67 -104.25 7 P 0 
L 147.67 -104.25 147.42 -104.50 7 P 0 
L 147.07 -104.64 146.59 -104.64 7 P 0 
L 149.60 -104.20 148.20 -104.20 7 P 0 
L 148.20 -104.20 148.15 -104.25 7 P 0 
P 146.59 -104.64 1 P 0 8 0.0 ;0=1,1=0
A 147.42 -104.50 147.07 -104.64 147.07 -104.14 7 P 0 Y 
P 149.60 -104.20 10 P 0 8 90.0 ;0=0,2
P 148.15 -104.25 5 P 0 8 90.0 ;0=0,2
L 149.55 -98.25 149.60 -98.30 7 P 0 
L 146.29 -99.28 146.29 -99.25 7 P 0 
L 146.54 -99.79 146.56 -99.76 7 P 0 
L 146.11 -100.0 145.91 -99.80 7 P 0 
L 146.03 -99.54 146.07 -99.55 7 P 0 
L 146.15 -100.06 146.13 -100.03 7 P 0 
L 145.87 -99.68 145.87 -99.64 7 P 0 
L 146.33 -99.16 146.41 -99.09 7 P 0 
L 145.91 -99.59 145.94 -99.56 7 P 0 
L 145.89 -99.61 145.91 -99.59 7 P 0 
L 146.10 -99.56 146.12 -99.59 7 P 0 
L 146.58 -99.70 146.58 -99.66 7 P 0 
L 146.56 -99.60 146.54 -99.58 7 P 0 
L 145.91 -99.80 145.89 -99.77 7 P 0 
L 146.51 -99.81 146.54 -99.79 7 P 0 
L 148.15 -98.25 149.55 -98.25 7 P 0 
L 145.87 -99.64 145.89 -99.61 7 P 0 
L 146.48 -99.82 146.51 -99.81 7 P 0 
L 146.08 -100.23 146.11 -100.21 7 P 0 
L 146.54 -99.58 146.33 -99.37 7 P 0 
L 145.99 -100.25 146.02 -100.25 7 P 0 
L 146.31 -99.35 146.30 -99.32 7 P 0 
L 145.89 -99.77 145.87 -99.74 7 P 0 
L 146.33 -99.37 146.31 -99.35 7 P 0 
L 145.97 -99.55 146.0 -99.54 7 P 0 
L 146.13 -100.03 146.11 -100.0 7 P 0 
L 145.59 -99.90 145.90 -100.21 7 P 0 
L 146.57 -99.63 146.56 -99.60 7 P 0 
L 146.30 -99.32 146.29 -99.28 7 P 0 
L 146.32 -99.79 146.35 -99.81 7 P 0 
L 145.16 -99.72 145.10 -99.72 7 P 0 
L 146.0 -99.54 146.03 -99.54 7 P 0 
L 145.96 -100.25 145.99 -100.25 7 P 0 
L 146.45 -99.83 146.48 -99.82 7 P 0 
L 146.11 -100.21 146.13 -100.19 7 P 0 
L 146.38 -99.82 146.41 -99.83 7 P 0 
L 146.57 -99.73 146.58 -99.70 7 P 0 
L 146.05 -100.25 146.08 -100.23 7 P 0 
L 146.15 -100.16 146.15 -100.12 7 P 0 
L 145.87 -99.71 145.87 -99.68 7 P 0 
L 146.29 -99.25 146.30 -99.22 7 P 0 
L 148.15 -98.25 147.37 -98.25 7 P 0 
L 146.30 -99.22 146.31 -99.19 7 P 0 
L 145.90 -100.21 145.93 -100.23 7 P 0 
L 146.15 -100.09 146.15 -100.06 7 P 0 
L 146.41 -99.83 146.45 -99.83 7 P 0 
L 146.07 -99.55 146.10 -99.56 7 P 0 
L 146.12 -99.59 146.32 -99.79 7 P 0 
L 146.15 -100.12 146.15 -100.09 7 P 0 
L 143.71 -98.84 143.76 -98.84 7 P 0 
L 145.87 -99.74 145.87 -99.71 7 P 0 
L 146.56 -99.76 146.57 -99.73 7 P 0 
L 146.31 -99.19 146.33 -99.16 7 P 0 
L 145.91 -99.59 145.91 -99.59 7 P 0 
L 146.02 -100.25 146.05 -100.25 7 P 0 
L 144.11 -98.99 144.67 -99.55 7 P 0 
L 146.35 -99.81 146.38 -99.82 7 P 0 
L 145.93 -100.23 145.96 -100.25 7 P 0 
L 147.16 -98.34 146.41 -99.09 7 P 0 
L 146.13 -100.19 146.15 -100.16 7 P 0 
L 145.94 -99.56 145.97 -99.55 7 P 0 
L 146.58 -99.66 146.57 -99.63 7 P 0 
P 143.71 -98.84 1 P 0 8 0.0 ;0=1,1=0
A 143.76 -98.84 144.11 -98.99 143.76 -99.34 7 P 0 Y 
A 145.16 -99.72 145.59 -99.90 145.16 -100.32 7 P 0 Y 
A 147.16 -98.34 147.37 -98.25 147.37 -98.55 7 P 0 Y 
A 145.10 -99.72 144.67 -99.55 145.10 -99.12 7 P 0 Y 
P 148.15 -98.25 5 P 0 8 90.0 ;0=0,2
P 149.60 -98.30 10 P 0 8 270.0 ;0=0,2
L 148.15 -97.25 149.55 -97.25 7 P 0 
L 149.55 -97.25 149.60 -97.20 7 P 0 
L 143.70 -98.15 143.66 -98.15 7 P 0 
L 148.15 -97.25 147.82 -97.25 7 P 0 
L 145.34 -99.40 145.28 -99.40 7 P 0 
L 144.72 -99.17 143.70 -98.15 7 P 0 
L 147.82 -97.25 145.91 -99.17 7 P 0 
P 143.66 -98.15 1 P 0 8 0.0 ;0=1,1=0
A 145.28 -99.40 144.72 -99.17 145.28 -98.60 7 P 0 Y 
A 145.91 -99.17 145.34 -99.40 145.34 -98.60 7 P 0 Y 
P 148.15 -97.25 5 P 0 8 90.0 ;0=0,2
P 149.60 -97.20 10 P 0 8 90.0 ;0=0,2
L 145.71 -97.89 145.71 -93.06 7 P 0 
L 145.52 -98.24 145.59 -98.17 7 P 0 
L 147.38 -91.27 149.50 -91.27 7 P 0 
L 145.88 -92.64 147.16 -91.35 7 P 0 
P 145.52 -98.24 1 P 0 8 0.0 ;0=1,1=0
A 145.71 -97.89 145.59 -98.17 145.31 -97.89 7 P 0 Y 
A 147.16 -91.35 147.38 -91.27 147.38 -91.56 7 P 0 Y 
A 145.71 -93.06 145.88 -92.64 146.31 -93.06 7 P 0 Y 
P 148.15 -91.25 5 P 0 8 90.0 ;0=0,2
P 149.60 -91.30 10 P 0 8 270.0 ;0=0,2
L 146.99 -91.10 146.99 -91.07 7 P 0 
L 144.78 -96.80 144.78 -96.77 7 P 0 
L 144.78 -96.94 144.78 -96.91 7 P 0 
L 144.87 -97.0 144.84 -96.99 7 P 0 
L 146.99 -91.07 147.82 -90.23 7 P 0 
L 145.07 -97.74 145.32 -97.49 7 P 0 
L 145.36 -97.03 145.34 -97.02 7 P 0 
L 144.89 -96.70 145.29 -96.70 7 P 0 
L 144.82 -96.98 144.80 -96.96 7 P 0 
L 145.40 -97.10 145.39 -97.07 7 P 0 
L 145.39 -97.07 145.38 -97.05 7 P 0 
L 144.84 -96.72 144.87 -96.71 7 P 0 
L 145.34 -96.69 145.36 -96.68 7 P 0 
L 144.78 -96.77 144.80 -96.75 7 P 0 
L 144.78 -96.91 144.77 -96.88 7 P 0 
L 145.29 -96.70 145.31 -96.70 7 P 0 
L 145.29 -97.0 144.89 -97.0 7 P 0 
L 145.41 -97.12 145.40 -97.10 7 P 0 
L 144.89 -97.0 144.87 -97.0 7 P 0 
L 147.82 -90.23 149.50 -90.23 7 P 0 
L 145.38 -97.05 145.36 -97.03 7 P 0 
L 145.41 -97.28 145.41 -97.12 7 P 0 
L 145.40 -96.61 145.41 -96.58 7 P 0 
L 144.77 -96.88 144.77 -96.82 7 P 0 
L 145.34 -97.02 145.31 -97.01 7 P 0 
L 144.87 -96.71 144.89 -96.70 7 P 0 
L 144.80 -96.75 144.82 -96.73 7 P 0 
L 145.41 -96.58 145.41 -92.97 7 P 0 
L 144.77 -96.82 144.78 -96.80 7 P 0 
L 145.36 -96.68 145.38 -96.66 7 P 0 
L 145.61 -92.49 146.99 -91.10 7 P 0 
L 144.80 -96.96 144.78 -96.94 7 P 0 
L 145.39 -96.64 145.40 -96.61 7 P 0 
L 145.38 -96.66 145.39 -96.64 7 P 0 
L 145.31 -96.70 145.34 -96.69 7 P 0 
L 144.82 -96.73 144.84 -96.72 7 P 0 
L 144.84 -96.99 144.82 -96.98 7 P 0 
L 145.31 -97.01 145.29 -97.0 7 P 0 
P 145.07 -97.74 1 P 0 8 0.0 ;0=1,1=0
A 145.41 -97.28 145.32 -97.49 145.10 -97.28 7 P 0 Y 
A 145.41 -92.97 145.61 -92.49 146.10 -92.97 7 P 0 Y 
P 148.15 -90.25 5 P 0 8 90.0 ;0=0,2
P 149.60 -90.20 10 P 0 8 90.0 ;0=0,2
L 143.69 -85.34 143.81 -85.22 7 P 0 
L 145.46 -108.03 144.75 -108.03 2 P 0 
L 149.50 -89.27 150.50 -89.27 11 P 0 
L 155.88 -94.95 157.45 -94.95 4 P 0 
L 155.88 -93.55 156.17 -93.25 4 P 0 
L 153.78 -86.68 153.78 -85.53 7 P 0 
L 150.50 -92.23 150.03 -92.70 4 P 0 
L 142.25 -85.34 143.69 -85.34 7 P 0 
L 151.85 -95.70 151.72 -95.57 11 P 0 
L 143.04 -100.25 142.29 -100.25 4 P 0 
L 144.12 -87.95 142.45 -87.95 4 P 0 
L 150.82 -88.0 150.82 -88.08 1 P 0 
L 148.30 -92.55 148.0 -92.25 4 P 0 
L 143.31 -96.64 143.31 -95.91 7 P 0 
L 152.0 -82.25 154.57 -82.25 7 P 0 
L 150.50 -92.23 149.50 -92.23 11 P 0 
L 148.50 -87.64 148.50 -87.25 4 P 0 
L 156.17 -93.25 157.28 -93.25 4 P 0 
L 150.50 -89.27 151.98 -89.27 11 P 0 
L 149.95 -84.65 149.87 -84.57 7 P 0 
L 148.0 -99.25 149.62 -99.25 4 P 0 
L 148.0 -106.25 147.24 -106.25 11 P 0 
L 149.50 -92.23 148.01 -92.23 11 P 0 
L 142.25 -85.34 142.25 -81.50 4 P 0 
L 144.75 -108.03 144.28 -107.55 2 P 0 
L 147.24 -106.25 147.03 -106.04 11 P 0 
L 150.19 -95.58 150.82 -94.95 1 P 0 
L 149.87 -82.93 149.95 -82.85 7 P 0 
L 152.0 -89.25 152.42 -89.25 4 P 0 
L 152.0 -103.25 150.51 -103.25 4 P 0 
L 150.50 -96.27 150.50 -96.02 4 P 0 
L 147.30 -88.10 148.04 -88.10 4 P 0 
L 148.01 -106.23 148.0 -106.25 4 P 0 
L 144.0 -102.95 142.99 -102.95 4 P 0 
L 143.31 -95.77 144.12 -94.95 11 P 0 
L 148.04 -88.10 148.50 -87.64 4 P 0 
L 150.50 -82.27 151.98 -82.27 7 P 0 
L 145.32 -103.21 144.26 -103.21 4 P 0 
L 155.88 -100.55 156.57 -100.55 11 P 0 
L 144.12 -89.11 144.12 -89.11 11 P 0 
L 150.50 -103.27 150.57 -103.19 4 P 0 
L 146.94 -92.25 146.18 -93.01 11 P 0 
L 149.62 -99.25 150.12 -99.76 4 P 0 
L 144.12 -89.10 144.12 -89.11 4 P 0 
L 144.12 -94.95 144.12 -93.55 11 P 0 
L 149.87 -84.57 149.87 -84.03 7 P 0 
L 142.45 -87.95 142.25 -87.75 4 P 0 
L 148.0 -99.25 147.63 -99.25 11 P 0 
L 150.03 -92.70 150.03 -92.96 4 P 0 
L 143.31 -95.91 143.31 -95.77 11 P 0 
L 157.0 -87.95 157.30 -88.25 4 P 0 
L 149.87 -84.03 149.85 -84.01 7 P 0 
L 145.75 -114.71 145.75 -108.50 2 P 0 
L 144.12 -107.55 144.80 -107.55 4 P 0 
L 144.12 -107.55 144.98 -107.55 7 P 0 
L 145.75 -108.32 145.46 -108.03 2 P 0 
L 151.98 -82.27 152.0 -82.25 7 P 0 
L 151.83 -96.27 151.85 -96.25 11 P 0 
L 144.12 -87.95 147.15 -87.95 7 P 0 
L 144.98 -107.55 145.46 -108.03 7 P 0 
L 154.57 -82.25 155.88 -80.95 7 P 0 
L 151.98 -103.27 152.0 -103.25 4 P 0 
L 156.57 -100.55 157.80 -99.32 11 P 0 
L 149.95 -82.82 150.50 -82.27 7 P 0 
L 155.72 -101.95 156.75 -101.95 11 P 0 
L 150.51 -103.25 150.50 -103.27 4 P 0 
L 150.50 -96.02 150.06 -95.58 4 P 0 
L 157.80 -99.32 157.80 -96.88 11 P 0 
L 146.19 -115.15 145.75 -114.71 2 P 0 
L 150.50 -96.27 151.83 -96.27 11 P 0 
L 149.91 -85.82 149.91 -86.25 4 P 0 
L 142.25 -87.75 142.25 -85.34 4 P 0 
L 149.87 -83.47 149.87 -82.93 7 P 0 
L 142.99 -102.95 142.29 -102.25 4 P 0 
L 149.50 -106.23 148.01 -106.23 4 P 0 
L 156.73 -80.95 157.28 -81.50 4 P 0 
L 144.38 -97.71 143.31 -96.64 7 P 0 
L 153.78 -85.53 153.75 -85.50 7 P 0 
L 155.60 -88.23 155.60 -88.97 7 P 0 
L 144.26 -103.21 144.0 -102.95 4 P 0 
L 149.85 -83.49 149.87 -83.47 7 P 0 
L 144.12 -93.55 144.12 -89.11 11 P 0 
L 157.80 -96.88 155.88 -94.95 11 P 0 
L 144.80 -107.55 145.65 -108.40 4 P 0 
L 144.12 -93.55 143.08 -93.55 4 P 0 
L 150.82 -88.08 149.60 -89.30 1 P 0 
L 155.88 -86.55 155.88 -87.95 11 P 0 
L 151.50 -81.50 151.83 -81.50 4 P 0 
L 144.12 -89.11 144.12 -89.43 7 P 0 
L 148.01 -92.23 148.0 -92.25 11 P 0 
L 150.19 -85.20 149.60 -84.61 7 P 0 
L 149.50 -96.25 150.48 -96.25 7 P 0 
L 151.85 -88.75 151.60 -88.50 7 P 0 
L 155.88 -93.55 155.88 -94.95 11 P 0 
L 151.83 -81.50 152.38 -80.95 4 P 0 
L 144.12 -87.95 144.12 -89.10 4 P 0 
L 156.75 -101.95 157.25 -102.45 11 P 0 
L 150.50 -85.23 149.95 -84.68 7 P 0 
L 155.41 -93.09 155.41 -92.54 4 P 0 
L 145.75 -108.50 145.75 -108.32 2 P 0 
L 143.08 -93.55 142.78 -93.25 4 P 0 
L 149.95 -82.85 149.95 -82.82 7 P 0 
L 148.0 -92.25 146.94 -92.25 7 P 0 
L 155.88 -80.95 152.38 -80.95 4 P 0 
L 155.88 -93.55 155.41 -93.09 4 P 0 
L 149.50 -103.27 150.50 -103.27 4 P 0 
L 155.88 -100.55 155.88 -101.95 11 P 0 
L 147.23 -88.03 147.30 -88.10 4 P 0 
L 149.17 -107.50 148.75 -107.50 4 P 0 
L 155.88 -80.95 155.88 -86.55 11 P 0 
L 151.85 -89.25 151.85 -88.75 7 P 0 
L 142.25 -81.50 142.75 -81.0 4 P 0 
L 146.18 -93.01 146.18 -93.07 11 P 0 
L 155.88 -86.55 156.17 -86.25 4 P 0 
L 150.50 -85.23 149.91 -85.82 4 P 0 
L 149.85 -84.01 149.85 -83.49 7 P 0 
L 150.50 -106.23 149.50 -106.23 4 P 0 
L 155.88 -87.95 157.0 -87.95 4 P 0 
L 151.85 -96.25 151.85 -95.70 11 P 0 
L 144.12 -89.43 145.51 -90.82 7 P 0 
L 150.48 -96.25 150.50 -96.27 7 P 0 
L 152.70 -89.25 153.60 -90.15 4 P 0 
L 148.75 -107.50 148.40 -107.15 4 P 0 
L 143.75 -99.55 143.04 -100.25 4 P 0 
L 156.17 -86.25 157.29 -86.25 4 P 0 
L 151.85 -89.25 152.70 -89.25 4 P 0 
L 150.06 -95.58 150.19 -95.58 1 P 0 
L 151.98 -89.27 152.0 -89.25 11 P 0 
L 155.88 -80.95 156.73 -80.95 4 P 0 
L 157.45 -94.95 157.75 -95.25 4 P 0 
L 147.63 -99.25 147.28 -98.90 11 P 0 
L 151.70 -88.95 152.0 -89.25 4 P 0 
L 155.88 -87.95 155.60 -88.23 7 P 0 
L 150.40 -85.20 150.19 -85.20 7 P 0 
L 147.15 -87.95 147.23 -88.03 7 P 0 
L 149.95 -84.68 149.95 -84.65 7 P 0 
P 157.25 -102.45 1 P 0 8 0.0 ;0=1,1=0
P 151.50 -81.50 1 P 0 8 0.0 ;0=1,1=0
P 142.78 -93.25 1 P 0 8 0.0 ;0=1,1=0
P 150.12 -99.76 1 P 0 8 0.0 ;0=1,1=0
P 146.18 -93.07 1 P 0 8 0.0 ;0=1,1=0
P 157.30 -88.25 1 P 0 8 0.0 ;0=1,1=0
P 142.29 -100.25 1 P 0 8 0.0 ;0=1,1=0
P 142.75 -81.0 1 P 0 8 0.0 ;0=1,1=0
P 150.03 -92.96 1 P 0 8 0.0 ;0=1,1=0
P 148.30 -99.93 1 P 0 8 0.0 ;0=1,1=0
P 157.25 -98.85 1 P 0 8 0.0 ;0=1,1=0
P 148.40 -107.15 1 P 0 8 0.0 ;0=1,1=0
P 147.23 -88.03 1 P 0 8 0.0 ;0=1,1=0
P 157.28 -81.50 1 P 0 8 0.0 ;0=1,1=0
P 149.82 -107.26 1 P 0 8 0.0 ;0=1,1=0
P 157.29 -86.25 1 P 0 8 0.0 ;0=1,1=0
P 153.78 -86.68 1 P 0 8 0.0 ;0=1,1=0
P 143.31 -95.91 1 P 0 8 0.0 ;0=1,1=0
P 147.03 -106.04 1 P 0 8 0.0 ;0=1,1=0
P 147.28 -98.90 1 P 0 8 0.0 ;0=1,1=0
P 157.28 -93.25 1 P 0 8 0.0 ;0=1,1=0
P 142.29 -102.25 1 P 0 8 0.0 ;0=1,1=0
P 151.72 -95.57 1 P 0 8 0.0 ;0=1,1=0
P 155.41 -92.54 1 P 0 8 0.0 ;0=1,1=0
P 151.03 -103.57 1 P 0 8 0.0 ;0=1,1=0
P 146.70 -89.05 1 P 0 8 0.0 ;0=1,1=0
P 148.50 -87.25 1 P 0 8 0.0 ;0=1,1=0
P 153.30 -105.50 1 P 0 8 0.0 ;0=1,1=0
P 154.33 -98.16 1 P 0 8 0.0 ;0=1,1=0
P 150.06 -95.58 1 P 0 8 0.0 ;0=1,1=0
P 143.81 -85.22 1 P 0 8 0.0 ;0=1,1=0
P 157.75 -95.25 1 P 0 8 0.0 ;0=1,1=0
P 153.75 -85.50 1 P 0 8 0.0 ;0=1,1=0
P 143.75 -99.55 1 P 0 8 0.0 ;0=1,1=0
P 153.60 -90.15 1 P 0 8 0.0 ;0=1,1=0
P 151.63 -100.13 1 P 0 8 0.0 ;0=1,1=0
P 147.40 -80.67 1 P 0 8 0.0 ;0=1,1=0
P 144.12 -89.11 1 P 0 8 0.0 ;0=1,1=0
P 144.0 -102.95 1 P 0 8 0.0 ;0=1,1=0
P 145.46 -108.03 1 P 0 8 0.0 ;0=1,1=0
P 144.38 -97.71 1 P 0 8 0.0 ;0=1,1=0
P 154.55 -104.10 1 P 0 8 0.0 ;0=1,1=0
P 149.91 -86.25 1 P 0 8 0.0 ;0=1,1=0
P 146.94 -92.25 1 P 0 8 0.0 ;0=1,1=0
P 155.60 -88.97 1 P 0 8 0.0 ;0=1,1=0
P 145.32 -103.21 1 P 0 8 0.0 ;0=1,1=0
P 145.51 -90.82 1 P 0 8 0.0 ;0=1,1=0
P 151.60 -88.50 1 P 0 8 0.0 ;0=1,1=0
P 149.60 -84.61 1 P 0 8 0.0 ;0=1,1=0
S P 0 
OB 147.74 -80.0 I
OS 147.74 -80.0
OS 147.76 -80.0
OS 147.81 -80.01
OS 147.83 -80.02
OS 147.84 -80.02
OS 147.84 -80.02
OS 147.84 -80.02
OS 147.86 -80.03
OS 147.86 -80.03
OS 147.88 -80.04
OS 147.89 -80.05
OS 147.91 -80.07
OS 147.92 -80.07
OS 147.93 -80.08
OS 147.93 -80.08
OS 147.93 -80.09
OS 147.95 -80.11
OS 147.96 -80.12
OS 147.97 -80.14
OS 147.97 -80.14
OS 147.98 -80.16
OS 147.98 -80.16
OS 147.98 -80.17
OS 147.99 -80.19
OS 148.0 -80.24
OS 148.0 -80.26
OS 148.0 -80.50
OS 148.0 -80.50
OS 148.0 -80.56
OS 148.02 -80.67
OS 148.02 -80.67
OS 148.02 -80.67
OS 148.03 -80.68
OS 148.03 -80.69
OS 148.03 -80.69
OS 148.04 -80.69
OS 148.04 -80.70
OS 148.04 -80.70
OS 148.07 -80.77
OS 148.07 -80.77
OS 148.09 -80.79
OS 148.10 -80.80
OS 148.10 -80.81
OS 148.11 -80.81
OS 148.11 -80.82
OS 148.14 -80.86
OS 148.14 -80.86
OS 148.14 -80.86
OS 148.18 -80.89
OS 148.19 -80.89
OS 148.19 -80.90
OS 148.20 -80.90
OS 148.21 -80.91
OS 148.23 -80.93
OS 148.30 -80.96
OS 148.30 -80.96
OS 148.31 -80.96
OS 148.31 -80.97
OS 148.31 -80.97
OS 148.32 -80.97
OS 148.33 -80.98
OS 148.33 -80.98
OS 148.33 -80.98
OS 148.44 -81.0
OS 148.44 -81.0
OS 151.56 -81.0
OS 151.56 -81.0
OS 151.67 -80.98
OS 151.68 -80.97
OS 151.69 -80.97
OS 151.69 -80.97
OS 151.69 -80.96
OS 151.70 -80.96
OS 151.70 -80.96
OS 151.77 -80.93
OS 151.79 -80.91
OS 151.80 -80.90
OS 151.81 -80.90
OS 151.81 -80.89
OS 151.82 -80.89
OS 151.86 -80.86
OS 151.89 -80.82
OS 151.89 -80.81
OS 151.90 -80.81
OS 151.90 -80.80
OS 151.91 -80.79
OS 151.93 -80.77
OS 151.96 -80.70
OS 151.96 -80.70
OS 151.96 -80.69
OS 151.97 -80.69
OS 151.97 -80.69
OS 151.97 -80.68
OS 151.98 -80.67
OS 152.0 -80.56
OS 152.0 -80.50
OS 152.0 -80.50
OS 152.0 -80.26
OS 152.0 -80.25
OS 152.0 -80.24
OS 152.0 -80.24
OS 152.01 -80.19
OS 152.02 -80.17
OS 152.02 -80.16
OS 152.02 -80.16
OS 152.03 -80.14
OS 152.03 -80.14
OS 152.04 -80.12
OS 152.05 -80.11
OS 152.05 -80.11
OS 152.07 -80.09
OS 152.07 -80.08
OS 152.08 -80.07
OS 152.09 -80.07
OS 152.11 -80.05
OS 152.12 -80.04
OS 152.14 -80.03
OS 152.14 -80.03
OS 152.16 -80.02
OS 152.16 -80.02
OS 152.17 -80.02
OS 152.19 -80.01
OS 152.24 -80.0
OS 152.24 -80.0
OS 152.26 -80.0
OS 157.0 -80.0
OS 157.0 -80.0
OS 157.17 -80.01
OS 157.18 -80.02
OS 157.22 -80.02
OS 157.22 -80.02
OS 157.37 -80.06
OS 157.38 -80.06
OS 157.41 -80.07
OS 157.41 -80.07
OS 157.56 -80.13
OS 157.57 -80.14
OS 157.57 -80.14
OS 157.57 -80.14
OS 157.57 -80.14
OS 157.73 -80.24
OS 157.74 -80.24
OS 157.88 -80.36
OS 157.89 -80.37
OS 158.01 -80.51
OS 158.01 -80.52
OS 158.11 -80.68
OS 158.11 -80.68
OS 158.11 -80.68
OS 158.12 -80.69
OS 158.18 -80.84
OS 158.18 -80.84
OS 158.18 -80.85
OS 158.18 -80.85
OS 158.19 -80.87
OS 158.19 -80.88
OS 158.23 -81.03
OS 158.23 -81.03
OS 158.23 -81.07
OS 158.24 -81.08
OS 158.25 -81.25
OS 158.25 -81.25
OS 158.25 -107.25
OS 158.25 -107.25
OS 158.24 -107.42
OS 158.23 -107.43
OS 158.23 -107.47
OS 158.23 -107.47
OS 158.19 -107.62
OS 158.19 -107.63
OS 158.18 -107.66
OS 158.18 -107.66
OS 158.12 -107.81
OS 158.11 -107.82
OS 158.11 -107.82
OS 158.11 -107.82
OS 158.01 -107.98
OS 158.01 -107.99
OS 157.89 -108.13
OS 157.88 -108.14
OS 157.74 -108.26
OS 157.73 -108.26
OS 157.57 -108.36
OS 157.57 -108.36
OS 157.57 -108.36
OS 157.56 -108.37
OS 157.41 -108.43
OS 157.41 -108.43
OS 157.40 -108.43
OS 157.40 -108.43
OS 157.38 -108.44
OS 157.37 -108.44
OS 157.22 -108.48
OS 157.22 -108.48
OS 157.18 -108.48
OS 157.17 -108.49
OS 157.0 -108.50
OS 157.0 -108.50
OS 156.09 -108.50
OS 156.08 -108.50
OS 155.02 -108.50
OS 154.97 -108.48
OS 154.95 -108.45
OS 154.92 -108.33
OS 154.92 -108.33
OS 154.86 -108.22
OS 154.86 -108.22
OS 154.86 -108.22
OS 154.78 -108.14
OS 154.78 -108.14
OS 154.78 -108.14
OS 154.67 -108.08
OS 154.67 -108.08
OS 154.56 -108.05
OS 154.56 -108.05
OS 154.44 -108.05
OS 154.44 -108.05
OS 154.33 -108.08
OS 154.33 -108.08
OS 154.29 -108.10
OS 154.29 -108.10
OS 154.27 -108.11
OS 154.22 -108.12
OS 154.17 -108.08
OS 154.16 -108.05
OS 154.16 -107.93
OS 154.16 -107.93
OS 154.15 -107.91
OS 154.13 -107.82
OS 154.13 -107.82
OS 154.13 -107.82
OS 154.07 -107.71
OS 154.07 -107.71
OS 154.07 -107.71
OS 153.99 -107.63
OS 153.99 -107.63
OS 153.99 -107.63
OS 153.88 -107.57
OS 153.88 -107.57
OS 153.88 -107.57
OS 153.80 -107.55
OS 153.77 -107.53
OS 152.79 -106.55
OS 152.77 -106.50
OS 152.77 -106.48
OS 152.77 -106.48
OS 152.77 -106.47
OS 152.77 -106.47
OS 152.78 -106.44
OS 152.78 -106.06
OS 152.77 -106.03
OS 152.73 -105.93
OS 152.65 -105.85
OS 152.58 -105.82
OS 152.54 -105.78
OS 152.54 -105.72
OS 152.58 -105.68
OS 152.65 -105.65
OS 152.73 -105.57
OS 152.77 -105.47
OS 152.78 -105.44
OS 152.78 -105.29
OS 152.80 -105.24
OS 152.84 -105.22
OS 152.89 -105.21
OS 152.89 -105.21
OS 152.89 -105.21
OS 153.03 -105.16
OS 153.03 -105.16
OS 153.03 -105.16
OS 153.17 -105.09
OS 153.29 -105.0
OS 153.35 -104.95
OS 153.38 -104.92
OS 153.58 -104.72
OS 153.60 -104.70
OS 153.69 -104.58
OS 153.76 -104.44
OS 153.77 -104.42
OS 153.81 -104.29
OS 153.81 -104.29
OS 153.81 -104.29
OS 153.83 -104.14
OS 153.83 -104.06
OS 153.83 -104.02
OS 153.83 -101.55
OS 153.83 -101.52
OS 153.81 -101.38
OS 153.81 -101.38
OS 153.81 -101.38
OS 153.76 -101.24
OS 153.76 -101.24
OS 153.76 -101.24
OS 153.73 -101.17
OS 153.70 -101.11
OS 153.61 -100.99
OS 153.61 -100.99
OS 153.56 -100.94
OS 153.27 -100.65
OS 153.25 -100.60
OS 153.25 -100.50
OS 153.25 -100.50
OS 153.24 -100.48
OS 153.22 -100.40
OS 153.17 -100.30
OS 153.10 -100.23
OS 153.01 -100.18
OS 153.0 -100.18
OS 153.0 -100.18
OS 152.90 -100.15
OS 152.90 -100.15
OS 152.80 -100.15
OS 152.80 -100.15
OS 152.70 -100.18
OS 152.70 -100.18
OS 152.60 -100.23
OS 152.53 -100.30
OS 152.48 -100.40
OS 152.48 -100.40
OS 152.45 -100.50
OS 152.45 -100.53
OS 152.43 -100.58
OS 152.38 -100.60
OS 152.29 -100.60
OS 152.19 -100.63
OS 152.19 -100.63
OS 152.10 -100.68
OS 152.02 -100.76
OS 152.0 -100.80
OS 151.96 -100.83
OS 151.90 -100.82
OS 151.88 -100.81
OS 151.84 -100.76
OS 151.74 -100.71
OS 151.74 -100.71
OS 151.64 -100.68
OS 151.64 -100.68
OS 151.54 -100.68
OS 151.54 -100.68
OS 151.44 -100.71
OS 151.44 -100.71
OS 151.41 -100.73
OS 151.36 -100.73
OS 151.31 -100.70
OS 151.30 -100.66
OS 151.30 -100.09
OS 151.32 -100.04
OS 151.64 -99.72
OS 151.69 -99.70
OS 152.72 -99.70
OS 152.74 -99.70
OS 152.87 -99.68
OS 152.87 -99.68
OS 152.87 -99.68
OS 153.01 -99.63
OS 153.01 -99.63
OS 153.01 -99.63
OS 153.14 -99.56
OS 153.26 -99.48
OS 153.31 -99.42
OS 153.36 -99.38
OS 153.77 -98.96
OS 153.80 -98.94
OS 153.91 -98.79
OS 153.99 -98.62
OS 154.04 -98.47
OS 154.05 -98.44
OS 154.05 -98.44
OS 154.05 -98.44
OS 154.08 -98.25
OS 154.08 -98.16
OS 154.08 -98.13
OS 154.08 -97.48
OS 154.08 -97.47
OS 154.08 -97.46
OS 154.08 -97.44
OS 154.09 -97.38
OS 154.14 -97.36
OS 154.19 -97.37
OS 154.20 -97.38
OS 154.27 -97.44
OS 154.33 -97.50
OS 154.36 -97.53
OS 154.36 -97.54
OS 154.45 -97.65
OS 154.46 -97.66
OS 154.53 -97.78
OS 154.53 -97.79
OS 154.57 -97.93
OS 154.58 -97.94
OS 154.58 -97.96
OS 154.59 -98.08
OS 154.59 -98.08
OS 154.59 -98.09
OS 154.59 -98.38
OS 154.57 -98.43
OS 154.53 -98.45
OS 154.47 -98.47
OS 154.47 -98.47
OS 154.38 -98.52
OS 154.31 -98.59
OS 154.26 -98.68
OS 154.26 -98.68
OS 154.23 -98.79
OS 154.23 -98.85
OS 154.21 -98.90
OS 154.15 -98.92
OS 154.14 -98.92
OS 154.04 -98.95
OS 154.04 -98.95
OS 153.95 -99.0
OS 153.88 -99.08
OS 153.82 -99.17
OS 153.82 -99.17
OS 153.80 -99.27
OS 153.80 -99.38
OS 153.82 -99.48
OS 153.82 -99.48
OS 153.85 -99.52
OS 153.88 -99.57
OS 153.95 -99.65
OS 154.04 -99.70
OS 154.14 -99.73
OS 154.14 -99.73
OS 154.14 -99.73
OS 154.25 -99.73
OS 154.25 -99.73
OS 154.35 -99.70
OS 154.44 -99.65
OS 154.52 -99.57
OS 154.57 -99.55
OS 154.74 -99.55
OS 154.74 -99.55
OS 154.87 -99.52
OS 154.99 -99.47
OS 155.10 -99.40
OS 155.15 -99.35
OS 155.18 -99.32
OS 155.20 -99.30
OS 155.22 -99.28
OS 155.29 -99.17
OS 155.34 -99.05
OS 155.37 -98.92
OS 155.37 -98.87
OS 155.39 -98.81
OS 155.44 -98.79
OS 155.50 -98.81
OS 155.50 -98.82
OS 155.60 -98.87
OS 155.70 -98.90
OS 155.70 -98.90
OS 155.70 -98.90
OS 155.80 -98.90
OS 155.80 -98.90
OS 155.90 -98.87
OS 156.0 -98.82
OS 156.07 -98.75
OS 156.12 -98.65
OS 156.15 -98.55
OS 156.15 -98.55
OS 156.15 -98.47
OS 156.17 -98.42
OS 156.22 -98.40
OS 156.30 -98.40
OS 156.30 -98.40
OS 156.40 -98.37
OS 156.50 -98.32
OS 156.57 -98.25
OS 156.62 -98.15
OS 156.65 -98.05
OS 156.65 -98.05
OS 156.65 -97.95
OS 156.65 -97.95
OS 156.65 -97.94
OS 156.62 -97.85
OS 156.57 -97.75
OS 156.50 -97.68
OS 156.50 -97.68
OS 156.49 -97.68
OS 156.49 -97.67
OS 156.47 -97.63
OS 156.45 -97.44
OS 156.39 -97.23
OS 156.32 -97.06
OS 156.30 -97.02
OS 156.30 -97.02
OS 156.19 -96.82
OS 156.19 -96.82
OS 156.09 -96.69
OS 156.05 -96.64
OS 156.01 -96.60
OS 156.01 -96.60
OS 154.85 -95.44
OS 154.84 -95.44
OS 154.84 -95.42
OS 154.83 -95.41
OS 154.82 -95.40
OS 154.82 -95.38
OS 154.82 -95.37
OS 154.82 -95.36
OS 154.82 -90.18
OS 154.84 -90.13
OS 154.89 -90.11
OS 155.21 -90.11
OS 155.23 -90.11
OS 155.23 -90.11
OS 155.26 -90.11
OS 155.27 -90.11
OS 155.30 -90.11
OS 155.31 -90.11
OS 155.31 -90.10
OS 155.31 -90.10
OS 155.32 -90.10
OS 155.32 -90.10
OS 155.34 -90.10
OS 155.35 -90.10
OS 155.35 -90.09
OS 155.38 -90.08
OS 155.38 -90.08
OS 155.39 -90.08
OS 155.41 -90.07
OS 155.42 -90.07
OS 155.42 -90.06
OS 155.45 -90.05
OS 155.45 -90.04
OS 155.46 -90.04
OS 155.47 -90.03
OS 155.48 -90.02
OS 155.49 -90.01
OS 155.50 -90.0
OS 155.51 -89.99
OS 155.51 -89.99
OS 155.52 -89.98
OS 155.53 -89.97
OS 155.53 -89.96
OS 155.54 -89.96
OS 155.55 -89.93
OS 155.56 -89.93
OS 155.56 -89.92
OS 155.57 -89.90
OS 155.57 -89.89
OS 155.57 -89.89
OS 155.58 -89.86
OS 155.59 -89.86
OS 155.59 -89.85
OS 155.59 -89.83
OS 155.59 -89.82
OS 155.59 -89.82
OS 155.60 -89.81
OS 155.60 -89.78
OS 155.60 -89.77
OS 155.60 -89.74
OS 155.60 -89.74
OS 155.60 -89.74
OS 155.60 -89.72
OS 155.60 -89.72
OS 155.60 -89.72
OS 155.60 -89.69
OS 155.60 -89.68
OS 155.60 -89.65
OS 155.59 -89.64
OS 155.59 -89.64
OS 155.59 -89.63
OS 155.59 -89.61
OS 155.59 -89.60
OS 155.58 -89.60
OS 155.57 -89.57
OS 155.57 -89.57
OS 155.57 -89.56
OS 155.56 -89.54
OS 155.56 -89.53
OS 155.55 -89.53
OS 155.54 -89.50
OS 155.53 -89.50
OS 155.53 -89.49
OS 155.52 -89.48
OS 155.51 -89.47
OS 155.50 -89.46
OS 155.49 -89.45
OS 155.49 -89.44
OS 155.48 -89.44
OS 155.48 -89.44
OS 155.47 -89.43
OS 155.46 -89.42
OS 155.45 -89.42
OS 155.45 -89.42
OS 155.45 -89.41
OS 155.42 -89.40
OS 155.42 -89.39
OS 155.41 -89.39
OS 155.39 -89.38
OS 155.39 -89.38
OS 155.38 -89.38
OS 155.38 -89.38
OS 155.38 -89.38
OS 155.35 -89.37
OS 155.35 -89.36
OS 155.35 -89.36
OS 155.34 -89.36
OS 155.32 -89.36
OS 155.31 -89.36
OS 155.31 -89.35
OS 155.30 -89.35
OS 155.29 -89.35
OS 155.27 -89.35
OS 155.26 -89.35
OS 155.24 -89.35
OS 155.23 -89.35
OS 155.23 -89.35
OS 155.23 -89.35
OS 155.21 -89.35
OS 154.89 -89.35
OS 154.84 -89.33
OS 154.82 -89.28
OS 154.82 -85.08
OS 154.81 -85.02
OS 154.79 -84.92
OS 154.79 -84.92
OS 154.79 -84.92
OS 154.74 -84.77
OS 154.74 -84.77
OS 154.74 -84.77
OS 154.67 -84.63
OS 154.65 -84.61
OS 154.58 -84.51
OS 154.58 -84.51
OS 154.58 -84.51
OS 154.52 -84.45
OS 154.49 -84.42
OS 153.76 -83.69
OS 153.76 -83.69
OS 153.74 -83.67
OS 153.72 -83.64
OS 153.66 -83.59
OS 153.66 -83.59
OS 153.66 -83.59
OS 153.53 -83.49
OS 153.39 -83.42
OS 153.39 -83.42
OS 153.23 -83.37
OS 153.23 -83.37
OS 153.07 -83.34
OS 153.07 -83.34
OS 153.04 -83.34
OS 152.85 -83.34
OS 152.80 -83.32
OS 152.78 -83.27
OS 152.78 -83.06
OS 152.78 -83.05
OS 152.77 -83.03
OS 152.73 -82.93
OS 152.65 -82.85
OS 152.54 -82.80
OS 152.54 -82.80
OS 152.54 -82.80
OS 152.52 -82.80
OS 152.52 -82.80
OS 152.52 -82.80
OS 151.18 -82.80
OS 151.16 -82.80
OS 151.16 -82.80
OS 151.05 -82.85
OS 150.97 -82.93
OS 150.97 -82.93
OS 150.97 -82.93
OS 150.97 -82.93
OS 150.97 -82.93
OS 150.93 -82.97
OS 150.90 -82.97
OS 150.88 -82.97
OS 150.83 -82.95
OS 150.82 -82.94
OS 150.81 -82.93
OS 150.79 -82.91
OS 150.77 -82.89
OS 150.73 -82.86
OS 150.73 -82.86
OS 150.70 -82.86
OS 150.67 -82.85
OS 150.13 -82.85
OS 150.10 -82.86
OS 150.07 -82.86
OS 150.01 -82.91
OS 150.01 -82.91
OS 149.96 -82.97
OS 149.95 -83.01
OS 149.95 -83.03
OS 149.95 -83.37
OS 149.95 -83.39
OS 149.96 -83.43
OS 149.98 -83.45
OS 150.01 -83.49
OS 150.05 -83.52
OS 150.07 -83.54
OS 150.07 -83.54
OS 150.07 -83.54
OS 150.13 -83.55
OS 150.13 -83.55
OS 150.67 -83.55
OS 150.67 -83.55
OS 150.73 -83.54
OS 150.79 -83.49
OS 150.81 -83.48
OS 150.85 -83.45
OS 150.91 -83.46
OS 150.94 -83.49
OS 150.97 -83.57
OS 151.05 -83.65
OS 151.11 -83.68
OS 151.12 -83.68
OS 151.16 -83.72
OS 151.16 -83.78
OS 151.12 -83.82
OS 151.05 -83.85
OS 150.97 -83.93
OS 150.94 -84.01
OS 150.89 -84.05
OS 150.84 -84.05
OS 150.81 -84.02
OS 150.80 -84.01
OS 150.79 -84.01
OS 150.77 -83.99
OS 150.73 -83.96
OS 150.73 -83.96
OS 150.70 -83.96
OS 150.67 -83.95
OS 150.13 -83.95
OS 150.10 -83.96
OS 150.07 -83.96
OS 150.01 -84.01
OS 150.01 -84.01
OS 149.96 -84.07
OS 149.96 -84.09
OS 149.95 -84.12
OS 149.95 -84.13
OS 149.95 -84.47
OS 149.96 -84.53
OS 149.98 -84.56
OS 150.01 -84.59
OS 150.05 -84.62
OS 150.07 -84.64
OS 150.07 -84.64
OS 150.07 -84.64
OS 150.13 -84.65
OS 150.13 -84.65
OS 150.67 -84.65
OS 150.67 -84.65
OS 150.73 -84.64
OS 150.79 -84.59
OS 150.82 -84.56
OS 150.87 -84.53
OS 150.88 -84.53
OS 150.90 -84.53
OS 150.96 -84.55
OS 150.97 -84.57
OS 150.97 -84.57
OS 150.97 -84.57
OS 151.05 -84.65
OS 151.11 -84.68
OS 151.12 -84.68
OS 151.16 -84.72
OS 151.16 -84.78
OS 151.12 -84.82
OS 151.05 -84.85
OS 150.97 -84.93
OS 150.93 -85.03
OS 150.92 -85.06
OS 150.92 -85.44
OS 150.93 -85.47
OS 150.93 -85.47
OS 150.97 -85.57
OS 150.97 -85.57
OS 150.98 -85.58
OS 150.98 -85.58
OS 150.98 -85.58
OS 151.0 -85.63
OS 150.97 -85.68
OS 150.96 -85.69
OS 150.93 -85.73
OS 150.87 -85.75
OS 150.54 -85.75
OS 150.51 -85.76
OS 150.48 -85.76
OS 150.41 -85.81
OS 150.41 -85.81
OS 150.36 -85.88
OS 150.35 -85.94
OS 150.35 -86.13
OS 150.33 -86.19
OS 149.68 -86.83
OS 149.63 -86.93
OS 149.62 -86.94
OS 149.62 -86.94
OS 149.62 -86.94
OS 149.59 -87.05
OS 149.59 -87.10
OS 149.57 -87.15
OS 149.50 -87.23
OS 149.44 -87.25
OS 148.89 -87.25
OS 148.87 -87.25
OS 148.83 -87.26
OS 148.76 -87.31
OS 148.76 -87.31
OS 148.71 -87.38
OS 148.70 -87.44
OS 148.70 -88.03
OS 148.68 -88.09
OS 147.99 -88.78
OS 147.93 -88.80
OS 147.48 -88.80
OS 147.46 -88.80
OS 147.46 -88.80
OS 147.35 -88.85
OS 147.27 -88.93
OS 147.23 -89.03
OS 147.22 -89.06
OS 147.22 -89.44
OS 147.22 -89.45
OS 147.22 -89.45
OS 147.22 -89.45
OS 147.22 -89.45
OS 147.21 -89.50
OS 147.20 -89.50
OS 147.0 -89.71
OS 147.0 -89.71
OS 146.98 -89.73
OS 146.91 -89.83
OS 146.86 -89.94
OS 146.86 -89.94
OS 146.84 -90.05
OS 146.84 -90.08
OS 146.84 -90.11
OS 146.84 -90.12
OS 146.84 -90.13
OS 146.83 -90.15
OS 146.83 -90.15
OS 146.82 -90.17
OS 146.82 -90.18
OS 146.81 -90.19
OS 146.80 -90.20
OS 146.78 -90.21
OS 146.78 -90.21
OS 145.02 -91.98
OS 144.97 -92.0
OS 144.90 -92.0
OS 144.80 -92.03
OS 144.80 -92.03
OS 144.70 -92.08
OS 144.63 -92.15
OS 144.58 -92.25
OS 144.58 -92.25
OS 144.55 -92.35
OS 144.55 -92.45
OS 144.58 -92.55
OS 144.58 -92.55
OS 144.58 -92.55
OS 144.63 -92.65
OS 144.70 -92.72
OS 144.80 -92.77
OS 144.90 -92.80
OS 144.90 -92.80
OS 144.90 -92.80
OS 145.0 -92.80
OS 145.0 -92.80
OS 145.09 -92.78
OS 145.15 -92.78
OS 145.18 -92.83
OS 145.19 -92.86
OS 145.18 -92.90
OS 145.18 -96.41
OS 145.16 -96.46
OS 145.11 -96.48
OS 144.93 -96.48
OS 144.91 -96.48
OS 144.91 -96.48
OS 144.91 -96.48
OS 144.88 -96.48
OS 144.88 -96.48
OS 144.84 -96.48
OS 144.84 -96.48
OS 144.83 -96.48
OS 144.82 -96.48
OS 144.81 -96.49
OS 144.80 -96.49
OS 144.80 -96.49
OS 144.79 -96.49
OS 144.77 -96.50
OS 144.76 -96.50
OS 144.76 -96.50
OS 144.75 -96.51
OS 144.73 -96.52
OS 144.72 -96.52
OS 144.72 -96.52
OS 144.72 -96.52
OS 144.70 -96.54
OS 144.69 -96.54
OS 144.69 -96.54
OS 144.68 -96.55
OS 144.67 -96.56
OS 144.66 -96.56
OS 144.66 -96.56
OS 144.65 -96.57
OS 144.64 -96.59
OS 144.63 -96.59
OS 144.63 -96.59
OS 144.63 -96.60
OS 144.61 -96.61
OS 144.61 -96.62
OS 144.61 -96.62
OS 144.60 -96.63
OS 144.59 -96.65
OS 144.59 -96.66
OS 144.59 -96.66
OS 144.58 -96.67
OS 144.58 -96.68
OS 144.57 -96.69
OS 144.57 -96.70
OS 144.56 -96.72
OS 144.56 -96.73
OS 144.56 -96.73
OS 144.55 -96.74
OS 144.55 -96.76
OS 144.55 -96.77
OS 144.55 -96.77
OS 144.55 -96.78
OS 144.55 -96.81
OS 144.55 -96.82
OS 144.54 -96.84
OS 144.54 -96.85
OS 144.54 -96.86
OS 144.54 -96.87
OS 144.54 -96.88
OS 144.55 -96.89
OS 144.55 -96.89
OS 144.55 -96.90
OS 144.55 -96.93
OS 144.55 -96.94
OS 144.55 -96.94
OS 144.55 -96.94
OS 144.55 -96.94
OS 144.55 -96.95
OS 144.55 -96.95
OS 144.55 -96.97
OS 144.56 -96.98
OS 144.56 -96.98
OS 144.56 -96.99
OS 144.57 -97.01
OS 144.57 -97.02
OS 144.58 -97.03
OS 144.58 -97.04
OS 144.59 -97.05
OS 144.59 -97.06
OS 144.60 -97.08
OS 144.61 -97.09
OS 144.61 -97.09
OS 144.61 -97.10
OS 144.63 -97.11
OS 144.63 -97.12
OS 144.63 -97.12
OS 144.64 -97.12
OS 144.65 -97.14
OS 144.66 -97.15
OS 144.67 -97.15
OS 144.68 -97.16
OS 144.69 -97.17
OS 144.70 -97.17
OS 144.72 -97.19
OS 144.72 -97.19
OS 144.73 -97.19
OS 144.75 -97.20
OS 144.76 -97.21
OS 144.77 -97.21
OS 144.79 -97.22
OS 144.80 -97.22
OS 144.80 -97.22
OS 144.81 -97.22
OS 144.82 -97.23
OS 144.83 -97.23
OS 144.83 -97.23
OS 144.84 -97.23
OS 144.84 -97.23
OS 144.85 -97.23
OS 144.88 -97.23
OS 144.88 -97.23
OS 144.88 -97.23
OS 144.93 -97.26
OS 144.95 -97.31
OS 144.92 -97.36
OS 144.91 -97.37
OS 144.82 -97.42
OS 144.75 -97.49
OS 144.70 -97.59
OS 144.70 -97.59
OS 144.67 -97.69
OS 144.67 -97.79
OS 144.70 -97.89
OS 144.70 -97.89
OS 144.70 -97.90
OS 144.75 -97.99
OS 144.82 -98.06
OS 144.92 -98.11
OS 145.02 -98.14
OS 145.02 -98.14
OS 145.05 -98.14
OS 145.10 -98.16
OS 145.12 -98.21
OS 145.12 -98.29
OS 145.15 -98.39
OS 145.15 -98.39
OS 145.17 -98.44
OS 145.20 -98.49
OS 145.27 -98.56
OS 145.37 -98.61
OS 145.47 -98.64
OS 145.47 -98.64
OS 145.47 -98.64
OS 145.57 -98.64
OS 145.57 -98.64
OS 145.67 -98.61
OS 145.77 -98.56
OS 145.84 -98.49
OS 145.89 -98.39
OS 145.92 -98.29
OS 145.92 -98.29
OS 145.92 -98.19
OS 145.90 -98.12
OS 145.91 -98.08
OS 145.91 -98.08
OS 145.91 -98.07
OS 145.91 -98.07
OS 145.91 -98.07
OS 145.93 -97.95
OS 145.93 -97.89
OS 145.93 -97.84
OS 145.93 -93.07
OS 145.93 -93.06
OS 145.94 -92.99
OS 145.94 -92.97
OS 145.95 -92.95
OS 145.98 -92.88
OS 145.99 -92.87
OS 146.04 -92.80
OS 146.04 -92.79
OS 146.05 -92.78
OS 146.07 -92.76
OS 146.07 -92.76
OS 146.08 -92.75
OS 146.08 -92.75
OS 147.22 -91.62
OS 147.27 -91.60
OS 147.32 -91.62
OS 147.35 -91.65
OS 147.46 -91.70
OS 147.48 -91.70
OS 148.82 -91.70
OS 148.84 -91.70
OS 148.95 -91.65
OS 149.03 -91.57
OS 149.04 -91.55
OS 149.08 -91.51
OS 149.14 -91.51
OS 149.17 -91.54
OS 149.21 -91.59
OS 149.22 -91.61
OS 149.27 -91.64
OS 149.27 -91.64
OS 149.27 -91.64
OS 149.33 -91.65
OS 149.33 -91.65
OS 149.87 -91.65
OS 149.87 -91.65
OS 149.93 -91.64
OS 149.96 -91.62
OS 150.01 -91.61
OS 150.04 -91.62
OS 150.07 -91.64
OS 150.13 -91.65
OS 150.13 -91.65
OS 150.67 -91.65
OS 150.67 -91.65
OS 150.73 -91.64
OS 150.79 -91.59
OS 150.82 -91.56
OS 150.87 -91.53
OS 150.88 -91.53
OS 150.90 -91.53
OS 150.96 -91.55
OS 150.97 -91.57
OS 150.97 -91.57
OS 150.97 -91.57
OS 151.05 -91.65
OS 151.12 -91.68
OS 151.16 -91.72
OS 151.16 -91.78
OS 151.12 -91.82
OS 151.05 -91.85
OS 150.97 -91.93
OS 150.93 -92.03
OS 150.92 -92.06
OS 150.92 -92.44
OS 150.93 -92.47
OS 150.93 -92.48
OS 150.93 -92.48
OS 150.93 -92.53
OS 150.91 -92.55
OS 150.74 -92.73
OS 150.68 -92.75
OS 150.54 -92.75
OS 150.52 -92.75
OS 150.48 -92.76
OS 150.41 -92.81
OS 150.41 -92.81
OS 150.36 -92.88
OS 150.35 -92.94
OS 150.35 -93.20
OS 150.33 -93.25
OS 149.40 -94.18
OS 149.35 -94.20
OS 148.89 -94.20
OS 148.86 -94.21
OS 148.83 -94.21
OS 148.76 -94.26
OS 148.76 -94.26
OS 148.71 -94.33
OS 148.70 -94.39
OS 148.70 -94.76
OS 148.68 -94.81
OS 147.79 -95.70
OS 147.75 -95.76
OS 147.71 -95.80
OS 147.69 -95.80
OS 147.48 -95.80
OS 147.46 -95.80
OS 147.46 -95.80
OS 147.35 -95.85
OS 147.27 -95.93
OS 147.23 -96.03
OS 147.22 -96.06
OS 147.22 -96.44
OS 147.23 -96.47
OS 147.23 -96.47
OS 147.26 -96.54
OS 147.27 -96.57
OS 147.35 -96.65
OS 147.40 -96.67
OS 147.42 -96.68
OS 147.46 -96.72
OS 147.46 -96.78
OS 147.42 -96.82
OS 147.35 -96.85
OS 147.27 -96.93
OS 147.23 -97.03
OS 147.22 -97.06
OS 147.22 -97.44
OS 147.23 -97.47
OS 147.23 -97.47
OS 147.23 -97.47
OS 147.23 -97.48
OS 147.23 -97.48
OS 147.22 -97.53
OS 147.21 -97.54
OS 145.78 -98.97
OS 145.78 -98.97
OS 145.75 -99.0
OS 145.74 -99.01
OS 145.66 -99.07
OS 145.65 -99.08
OS 145.57 -99.13
OS 145.55 -99.13
OS 145.46 -99.16
OS 145.44 -99.16
OS 145.36 -99.17
OS 145.34 -99.17
OS 145.34 -99.17
OS 145.29 -99.17
OS 145.28 -99.17
OS 145.25 -99.17
OS 145.18 -99.16
OS 145.16 -99.16
OS 145.07 -99.13
OS 145.06 -99.13
OS 144.97 -99.08
OS 144.96 -99.07
OS 144.88 -99.01
OS 144.87 -99.0
OS 144.08 -98.21
OS 144.06 -98.16
OS 144.06 -98.10
OS 144.06 -98.10
OS 144.05 -98.08
OS 144.03 -98.0
OS 143.98 -97.90
OS 143.91 -97.83
OS 143.90 -97.82
OS 143.81 -97.78
OS 143.81 -97.78
OS 143.71 -97.75
OS 143.71 -97.75
OS 143.61 -97.75
OS 143.61 -97.75
OS 143.51 -97.78
OS 143.51 -97.78
OS 143.41 -97.83
OS 143.34 -97.90
OS 143.29 -98.0
OS 143.29 -98.0
OS 143.26 -98.10
OS 143.26 -98.20
OS 143.29 -98.30
OS 143.29 -98.30
OS 143.34 -98.40
OS 143.41 -98.47
OS 143.43 -98.52
OS 143.41 -98.57
OS 143.39 -98.59
OS 143.34 -98.69
OS 143.34 -98.69
OS 143.31 -98.79
OS 143.31 -98.89
OS 143.34 -98.99
OS 143.34 -98.99
OS 143.34 -98.99
OS 143.39 -99.09
OS 143.46 -99.16
OS 143.56 -99.21
OS 143.66 -99.24
OS 143.66 -99.24
OS 143.66 -99.24
OS 143.76 -99.24
OS 143.76 -99.24
OS 143.86 -99.21
OS 143.91 -99.18
OS 143.97 -99.18
OS 144.0 -99.20
OS 144.48 -99.68
OS 144.52 -99.71
OS 144.56 -99.75
OS 144.56 -99.75
OS 144.67 -99.83
OS 144.72 -99.86
OS 144.78 -99.89
OS 144.78 -99.89
OS 144.78 -99.89
OS 144.91 -99.93
OS 144.91 -99.93
OS 144.91 -99.93
OS 145.03 -99.95
OS 145.10 -99.95
OS 145.12 -99.95
OS 145.16 -99.95
OS 145.17 -99.95
OS 145.25 -99.96
OS 145.27 -99.97
OS 145.34 -100.0
OS 145.36 -100.01
OS 145.42 -100.06
OS 145.43 -100.06
OS 145.47 -100.10
OS 145.47 -100.10
OS 145.71 -100.34
OS 145.72 -100.36
OS 145.72 -100.36
OS 145.75 -100.38
OS 145.75 -100.38
OS 145.77 -100.40
OS 145.77 -100.40
OS 145.77 -100.40
OS 145.79 -100.42
OS 145.79 -100.42
OS 145.79 -100.42
OS 145.80 -100.42
OS 145.81 -100.43
OS 145.82 -100.44
OS 145.82 -100.44
OS 145.83 -100.44
OS 145.85 -100.45
OS 145.86 -100.46
OS 145.87 -100.46
OS 145.87 -100.46
OS 145.89 -100.46
OS 145.90 -100.47
OS 145.91 -100.47
OS 145.93 -100.48
OS 145.94 -100.48
OS 145.95 -100.48
OS 145.97 -100.48
OS 145.98 -100.48
OS 145.99 -100.48
OS 146.02 -100.48
OS 146.03 -100.48
OS 146.03 -100.48
OS 146.04 -100.48
OS 146.06 -100.48
OS 146.07 -100.48
OS 146.07 -100.48
OS 146.08 -100.48
OS 146.10 -100.47
OS 146.11 -100.47
OS 146.12 -100.46
OS 146.14 -100.46
OS 146.15 -100.46
OS 146.16 -100.45
OS 146.18 -100.44
OS 146.19 -100.44
OS 146.20 -100.43
OS 146.21 -100.42
OS 146.22 -100.42
OS 146.23 -100.41
OS 146.25 -100.39
OS 146.26 -100.39
OS 146.27 -100.38
OS 146.28 -100.37
OS 146.29 -100.36
OS 146.29 -100.35
OS 146.31 -100.33
OS 146.32 -100.32
OS 146.32 -100.31
OS 146.33 -100.30
OS 146.34 -100.29
OS 146.34 -100.28
OS 146.35 -100.26
OS 146.36 -100.25
OS 146.36 -100.24
OS 146.36 -100.22
OS 146.37 -100.21
OS 146.37 -100.20
OS 146.38 -100.18
OS 146.38 -100.17
OS 146.38 -100.16
OS 146.38 -100.14
OS 146.39 -100.12
OS 146.39 -100.12
OS 146.41 -100.08
OS 146.45 -100.06
OS 146.45 -100.06
OS 146.46 -100.06
OS 146.48 -100.06
OS 146.49 -100.06
OS 146.49 -100.06
OS 146.50 -100.05
OS 146.53 -100.05
OS 146.54 -100.05
OS 146.55 -100.04
OS 146.56 -100.04
OS 146.57 -100.03
OS 146.58 -100.03
OS 146.60 -100.02
OS 146.61 -100.01
OS 146.62 -100.01
OS 146.64 -100.0
OS 146.65 -99.99
OS 146.65 -99.98
OS 146.67 -99.97
OS 146.68 -99.96
OS 146.69 -99.95
OS 146.70 -99.94
OS 146.71 -99.94
OS 146.72 -99.93
OS 146.73 -99.91
OS 146.74 -99.90
OS 146.74 -99.89
OS 146.75 -99.88
OS 146.76 -99.87
OS 146.76 -99.86
OS 146.77 -99.83
OS 146.78 -99.83
OS 146.78 -99.82
OS 146.78 -99.81
OS 146.79 -99.80
OS 146.79 -99.79
OS 146.79 -99.78
OS 146.80 -99.75
OS 146.80 -99.74
OS 146.80 -99.73
OS 146.81 -99.72
OS 146.81 -99.70
OS 146.81 -99.70
OS 146.81 -99.70
OS 146.81 -99.69
OS 146.81 -99.67
OS 146.81 -99.66
OS 146.81 -99.65
OS 146.80 -99.63
OS 146.80 -99.62
OS 146.80 -99.62
OS 146.80 -99.61
OS 146.79 -99.59
OS 146.79 -99.57
OS 146.79 -99.56
OS 146.78 -99.55
OS 146.78 -99.54
OS 146.77 -99.53
OS 146.76 -99.51
OS 146.76 -99.50
OS 146.75 -99.49
OS 146.74 -99.47
OS 146.74 -99.47
OS 146.74 -99.46
OS 146.74 -99.46
OS 146.74 -99.46
OS 146.74 -99.46
OS 146.73 -99.45
OS 146.73 -99.45
OS 146.73 -99.45
OS 146.71 -99.43
OS 146.70 -99.42
OS 146.70 -99.42
OS 146.68 -99.40
OS 146.68 -99.40
OS 146.68 -99.40
OS 146.66 -99.39
OS 146.60 -99.32
OS 146.58 -99.27
OS 146.60 -99.22
OS 146.60 -99.22
OS 146.61 -99.20
OS 146.61 -99.20
OS 147.20 -98.61
OS 147.26 -98.59
OS 147.31 -98.61
OS 147.35 -98.65
OS 147.46 -98.70
OS 147.48 -98.70
OS 148.82 -98.70
OS 148.84 -98.70
OS 148.95 -98.65
OS 149.03 -98.57
OS 149.04 -98.55
OS 149.08 -98.51
OS 149.14 -98.51
OS 149.17 -98.54
OS 149.20 -98.59
OS 149.21 -98.59
OS 149.24 -98.62
OS 149.27 -98.64
OS 149.27 -98.64
OS 149.27 -98.64
OS 149.33 -98.65
OS 149.33 -98.65
OS 149.87 -98.65
OS 149.87 -98.65
OS 149.93 -98.64
OS 149.96 -98.62
OS 150.01 -98.61
OS 150.04 -98.62
OS 150.07 -98.64
OS 150.13 -98.65
OS 150.13 -98.65
OS 150.67 -98.65
OS 150.67 -98.65
OS 150.73 -98.64
OS 150.79 -98.59
OS 150.82 -98.56
OS 150.87 -98.53
OS 150.88 -98.53
OS 150.90 -98.53
OS 150.96 -98.55
OS 150.97 -98.57
OS 150.97 -98.57
OS 150.97 -98.57
OS 151.05 -98.65
OS 151.12 -98.68
OS 151.16 -98.72
OS 151.16 -98.78
OS 151.12 -98.82
OS 151.05 -98.85
OS 150.97 -98.93
OS 150.93 -99.03
OS 150.92 -99.06
OS 150.92 -99.13
OS 150.90 -99.18
OS 150.65 -99.43
OS 150.64 -99.44
OS 150.55 -99.49
OS 150.55 -99.49
OS 150.46 -99.58
OS 150.41 -99.68
OS 150.41 -99.68
OS 150.37 -99.80
OS 150.37 -99.84
OS 150.36 -99.87
OS 150.36 -99.87
OS 150.36 -99.88
OS 150.36 -99.88
OS 150.36 -99.88
OS 150.35 -99.94
OS 150.35 -100.27
OS 150.33 -100.32
OS 149.42 -101.23
OS 149.37 -101.25
OS 148.89 -101.25
OS 148.89 -101.25
OS 148.83 -101.26
OS 148.76 -101.31
OS 148.76 -101.31
OS 148.71 -101.38
OS 148.70 -101.44
OS 148.70 -101.81
OS 148.68 -101.86
OS 147.79 -102.75
OS 147.78 -102.76
OS 147.74 -102.80
OS 147.72 -102.80
OS 147.48 -102.80
OS 147.46 -102.80
OS 147.46 -102.80
OS 147.44 -102.81
OS 147.39 -102.81
OS 147.35 -102.77
OS 147.34 -102.72
OS 147.35 -102.70
OS 147.35 -102.60
OS 147.35 -102.60
OS 147.33 -102.53
OS 147.32 -102.50
OS 147.27 -102.40
OS 147.19 -102.33
OS 147.18 -102.32
OS 147.10 -102.28
OS 147.10 -102.28
OS 147.0 -102.25
OS 147.0 -102.25
OS 146.89 -102.25
OS 146.89 -102.25
OS 146.79 -102.28
OS 146.79 -102.28
OS 146.70 -102.33
OS 146.63 -102.40
OS 146.63 -102.41
OS 146.58 -102.43
OS 146.54 -102.44
OS 146.54 -102.44
OS 146.45 -102.48
OS 146.37 -102.53
OS 146.35 -102.55
OS 146.35 -102.55
OS 145.08 -103.83
OS 144.95 -103.99
OS 144.85 -104.16
OS 144.85 -104.16
OS 144.78 -104.35
OS 144.78 -104.35
OS 144.73 -104.54
OS 144.73 -104.54
OS 144.70 -104.74
OS 144.70 -106.20
OS 144.72 -106.36
OS 144.72 -106.36
OS 144.77 -106.51
OS 144.77 -106.51
OS 144.85 -106.66
OS 144.90 -106.73
OS 144.94 -106.79
OS 144.94 -106.79
OS 145.0 -106.84
OS 145.04 -106.89
OS 145.04 -106.89
OS 146.13 -107.97
OS 146.15 -108.03
OS 146.14 -108.06
OS 146.12 -108.11
OS 146.12 -108.11
OS 146.09 -108.21
OS 146.09 -108.21
OS 146.09 -108.31
OS 146.11 -108.41
OS 146.11 -108.46
OS 146.06 -108.50
OS 146.04 -108.50
OS 143.92 -108.50
OS 143.91 -108.50
OS 143.90 -108.50
OS 143.0 -108.50
OS 143.0 -108.50
OS 142.83 -108.49
OS 142.82 -108.48
OS 142.78 -108.48
OS 142.78 -108.48
OS 142.72 -108.46
OS 142.63 -108.44
OS 142.62 -108.44
OS 142.60 -108.43
OS 142.60 -108.43
OS 142.60 -108.43
OS 142.59 -108.43
OS 142.59 -108.43
OS 142.44 -108.37
OS 142.43 -108.36
OS 142.43 -108.36
OS 142.43 -108.36
OS 142.27 -108.26
OS 142.26 -108.26
OS 142.12 -108.14
OS 142.11 -108.13
OS 142.09 -108.10
OS 141.99 -107.99
OS 141.99 -107.98
OS 141.89 -107.82
OS 141.89 -107.82
OS 141.89 -107.82
OS 141.88 -107.81
OS 141.82 -107.66
OS 141.82 -107.66
OS 141.81 -107.63
OS 141.81 -107.62
OS 141.77 -107.47
OS 141.77 -107.47
OS 141.77 -107.46
OS 141.77 -107.43
OS 141.76 -107.42
OS 141.75 -107.25
OS 141.75 -107.25
OS 141.75 -84.32
OS 143.30 -84.32
OS 143.30 -84.42
OS 143.33 -84.52
OS 143.33 -84.52
OS 143.36 -84.59
OS 143.38 -84.62
OS 143.45 -84.69
OS 143.55 -84.74
OS 143.65 -84.77
OS 143.65 -84.77
OS 143.65 -84.77
OS 143.75 -84.77
OS 143.75 -84.77
OS 143.85 -84.74
OS 143.95 -84.69
OS 143.99 -84.65
OS 144.04 -84.63
OS 144.13 -84.63
OS 144.18 -84.65
OS 144.19 -84.66
OS 144.21 -84.69
OS 144.22 -84.70
OS 144.21 -84.70
OS 144.24 -84.74
OS 144.23 -84.79
OS 144.22 -84.80
OS 144.22 -84.80
OS 144.21 -84.81
OS 144.16 -84.88
OS 144.15 -84.94
OS 144.15 -85.26
OS 144.15 -85.26
OS 144.16 -85.32
OS 144.21 -85.39
OS 144.21 -85.39
OS 144.22 -85.40
OS 144.21 -85.40
OS 144.24 -85.44
OS 144.23 -85.49
OS 144.22 -85.50
OS 144.22 -85.50
OS 144.21 -85.51
OS 144.16 -85.58
OS 144.13 -85.61
OS 144.08 -85.63
OS 144.0 -85.68
OS 143.98 -85.70
OS 143.98 -85.70
OS 143.85 -85.83
OS 143.80 -85.85
OS 143.70 -85.85
OS 143.60 -85.88
OS 143.60 -85.88
OS 143.50 -85.93
OS 143.43 -86.0
OS 143.38 -86.10
OS 143.38 -86.10
OS 143.35 -86.20
OS 143.35 -86.30
OS 143.38 -86.40
OS 143.38 -86.40
OS 143.38 -86.40
OS 143.43 -86.50
OS 143.50 -86.57
OS 143.60 -86.62
OS 143.70 -86.65
OS 143.70 -86.65
OS 143.70 -86.65
OS 143.80 -86.65
OS 143.80 -86.65
OS 143.90 -86.62
OS 144.0 -86.57
OS 144.03 -86.54
OS 144.08 -86.52
OS 144.13 -86.54
OS 144.15 -86.59
OS 144.15 -86.66
OS 144.15 -86.66
OS 144.16 -86.72
OS 144.21 -86.79
OS 144.28 -86.84
OS 144.34 -86.85
OS 144.76 -86.85
OS 144.82 -86.84
OS 144.89 -86.79
OS 144.95 -86.78
OS 144.99 -86.80
OS 145.16 -86.97
OS 145.19 -87.0
OS 145.22 -87.04
OS 145.31 -87.10
OS 145.41 -87.14
OS 145.51 -87.16
OS 146.05 -87.16
OS 146.15 -87.14
OS 146.25 -87.10
OS 146.33 -87.04
OS 146.37 -87.0
OS 146.40 -86.97
OS 146.50 -86.87
OS 146.55 -86.85
OS 146.55 -86.85
OS 146.61 -86.87
OS 147.36 -87.62
OS 147.36 -87.62
OS 147.36 -87.62
OS 147.36 -87.63
OS 147.36 -87.63
OS 147.36 -87.63
OS 147.36 -87.63
OS 147.37 -87.65
OS 147.37 -87.65
OS 147.38 -87.65
OS 147.38 -87.65
OS 147.43 -87.75
OS 147.50 -87.82
OS 147.60 -87.87
OS 147.70 -87.90
OS 147.70 -87.90
OS 147.70 -87.90
OS 147.80 -87.90
OS 147.80 -87.90
OS 147.90 -87.87
OS 148.0 -87.82
OS 148.07 -87.75
OS 148.12 -87.65
OS 148.15 -87.55
OS 148.15 -87.55
OS 148.15 -87.45
OS 148.15 -87.45
OS 148.12 -87.35
OS 148.12 -87.35
OS 148.07 -87.25
OS 148.0 -87.18
OS 147.90 -87.13
OS 147.90 -87.13
OS 147.80 -87.10
OS 147.80 -87.10
OS 147.70 -87.10
OS 147.70 -87.10
OS 147.60 -87.13
OS 147.60 -87.13
OS 147.58 -87.13
OS 147.53 -87.14
OS 147.49 -87.12
OS 147.15 -86.78
OS 147.13 -86.73
OS 147.15 -86.67
OS 147.20 -86.65
OS 147.24 -86.66
OS 147.24 -86.66
OS 147.24 -86.66
OS 147.24 -86.66
OS 147.25 -86.67
OS 147.25 -86.67
OS 147.25 -86.67
OS 147.25 -86.67
OS 147.30 -86.69
OS 147.34 -86.70
OS 147.37 -86.73
OS 147.41 -86.79
OS 147.48 -86.84
OS 147.54 -86.85
OS 147.96 -86.85
OS 148.02 -86.84
OS 148.09 -86.79
OS 148.14 -86.72
OS 148.15 -86.66
OS 148.15 -86.61
OS 148.17 -86.55
OS 148.34 -86.39
OS 148.39 -86.37
OS 148.49 -86.37
OS 148.49 -86.37
OS 148.59 -86.34
OS 148.69 -86.29
OS 148.76 -86.22
OS 148.81 -86.12
OS 148.84 -86.02
OS 148.84 -86.02
OS 148.84 -85.92
OS 148.84 -85.92
OS 148.83 -85.88
OS 148.81 -85.82
OS 148.76 -85.72
OS 148.69 -85.65
OS 148.65 -85.63
OS 148.62 -85.58
OS 148.62 -85.53
OS 148.67 -85.49
OS 148.68 -85.49
OS 148.68 -85.49
OS 148.68 -85.49
OS 148.68 -85.49
OS 148.78 -85.46
OS 148.88 -85.41
OS 148.95 -85.34
OS 149.0 -85.24
OS 149.03 -85.14
OS 149.03 -85.14
OS 149.03 -85.04
OS 149.03 -85.04
OS 149.03 -85.03
OS 149.0 -84.94
OS 148.95 -84.84
OS 148.88 -84.77
OS 148.86 -84.76
OS 148.78 -84.72
OS 148.78 -84.72
OS 148.68 -84.69
OS 148.68 -84.69
OS 148.58 -84.69
OS 148.58 -84.69
OS 148.48 -84.72
OS 148.48 -84.72
OS 148.38 -84.77
OS 148.31 -84.84
OS 148.31 -84.85
OS 148.31 -84.85
OS 148.31 -84.85
OS 148.31 -84.85
OS 148.26 -84.87
OS 148.25 -84.87
OS 148.18 -84.87
OS 148.13 -84.85
OS 148.12 -84.84
OS 148.10 -84.82
OS 148.09 -84.81
OS 148.09 -84.81
OS 148.09 -84.80
OS 148.09 -84.80
OS 148.07 -84.76
OS 148.08 -84.71
OS 148.09 -84.70
OS 148.09 -84.70
OS 148.09 -84.69
OS 148.09 -84.69
OS 148.14 -84.62
OS 148.15 -84.56
OS 148.15 -84.24
OS 148.14 -84.18
OS 148.09 -84.11
OS 148.09 -84.11
OS 148.09 -84.10
OS 148.09 -84.10
OS 148.07 -84.06
OS 148.08 -84.01
OS 148.09 -84.0
OS 148.09 -84.0
OS 148.09 -83.99
OS 148.09 -83.99
OS 148.12 -83.96
OS 148.16 -83.93
OS 148.18 -83.93
OS 148.23 -83.93
OS 148.28 -83.95
OS 148.30 -83.96
OS 148.31 -83.98
OS 148.31 -83.99
OS 148.38 -84.06
OS 148.48 -84.11
OS 148.58 -84.14
OS 148.58 -84.14
OS 148.58 -84.14
OS 148.68 -84.14
OS 148.68 -84.14
OS 148.78 -84.11
OS 148.88 -84.06
OS 148.95 -83.99
OS 149.0 -83.89
OS 149.03 -83.79
OS 149.03 -83.79
OS 149.03 -83.69
OS 149.03 -83.69
OS 149.03 -83.68
OS 149.0 -83.59
OS 148.95 -83.49
OS 148.88 -83.42
OS 148.85 -83.40
OS 148.78 -83.37
OS 148.78 -83.37
OS 148.68 -83.34
OS 148.68 -83.34
OS 148.58 -83.34
OS 148.58 -83.34
OS 148.48 -83.37
OS 148.48 -83.37
OS 148.38 -83.42
OS 148.35 -83.45
OS 148.30 -83.47
OS 148.18 -83.47
OS 148.13 -83.45
OS 148.12 -83.44
OS 148.10 -83.42
OS 148.09 -83.41
OS 148.09 -83.41
OS 148.09 -83.40
OS 148.09 -83.40
OS 148.07 -83.36
OS 148.08 -83.31
OS 148.09 -83.30
OS 148.09 -83.30
OS 148.09 -83.29
OS 148.09 -83.29
OS 148.14 -83.22
OS 148.15 -83.16
OS 148.15 -82.84
OS 148.14 -82.78
OS 148.09 -82.71
OS 148.09 -82.71
OS 148.09 -82.70
OS 148.09 -82.70
OS 148.07 -82.66
OS 148.08 -82.61
OS 148.09 -82.60
OS 148.09 -82.60
OS 148.09 -82.59
OS 148.09 -82.59
OS 148.12 -82.56
OS 148.16 -82.53
OS 148.18 -82.53
OS 148.24 -82.53
OS 148.29 -82.55
OS 148.35 -82.61
OS 148.45 -82.66
OS 148.55 -82.69
OS 148.55 -82.69
OS 148.55 -82.69
OS 148.65 -82.69
OS 148.65 -82.69
OS 148.75 -82.66
OS 148.85 -82.61
OS 148.92 -82.54
OS 148.97 -82.44
OS 149.0 -82.34
OS 149.0 -82.34
OS 149.0 -82.24
OS 149.0 -82.24
OS 148.97 -82.14
OS 148.97 -82.14
OS 148.92 -82.04
OS 148.85 -81.97
OS 148.83 -81.96
OS 148.75 -81.92
OS 148.75 -81.92
OS 148.65 -81.89
OS 148.65 -81.89
OS 148.55 -81.89
OS 148.55 -81.89
OS 148.45 -81.92
OS 148.45 -81.92
OS 148.35 -81.97
OS 148.28 -82.04
OS 148.28 -82.05
OS 148.28 -82.05
OS 148.28 -82.05
OS 148.28 -82.05
OS 148.23 -82.07
OS 148.22 -82.07
OS 148.18 -82.07
OS 148.13 -82.05
OS 148.12 -82.04
OS 148.09 -82.01
OS 148.09 -82.0
OS 148.09 -82.0
OS 148.07 -81.96
OS 148.08 -81.91
OS 148.09 -81.90
OS 148.09 -81.90
OS 148.09 -81.89
OS 148.09 -81.89
OS 148.14 -81.82
OS 148.15 -81.76
OS 148.15 -81.44
OS 148.14 -81.38
OS 148.09 -81.31
OS 148.02 -81.26
OS 147.96 -81.25
OS 147.96 -81.25
OS 147.54 -81.25
OS 147.48 -81.26
OS 147.41 -81.31
OS 147.36 -81.32
OS 147.32 -81.30
OS 147.14 -81.13
OS 147.14 -81.13
OS 147.10 -81.08
OS 147.07 -81.05
OS 146.99 -81.0
OS 146.91 -80.96
OS 146.91 -80.96
OS 146.83 -80.95
OS 146.81 -80.94
OS 146.81 -80.94
OS 146.77 -80.94
OS 146.77 -80.94
OS 146.72 -80.94
OS 146.72 -80.94
OS 146.71 -80.94
OS 146.71 -80.94
OS 146.38 -80.94
OS 146.33 -80.94
OS 146.29 -80.94
OS 146.27 -80.95
OS 146.19 -80.96
OS 146.19 -80.96
OS 146.11 -81.0
OS 146.03 -81.05
OS 146.03 -81.05
OS 146.01 -81.07
OS 145.99 -81.09
OS 145.99 -81.09
OS 145.95 -81.13
OS 145.95 -81.13
OS 145.90 -81.21
OS 145.87 -81.29
OS 145.87 -81.29
OS 145.85 -81.38
OS 145.85 -81.43
OS 145.85 -81.48
OS 145.85 -81.48
OS 145.85 -81.81
OS 145.87 -81.90
OS 145.87 -81.90
OS 145.90 -81.99
OS 145.95 -82.07
OS 145.95 -82.07
OS 145.97 -82.08
OS 145.97 -82.08
OS 145.97 -82.08
OS 146.11 -82.22
OS 146.13 -82.27
OS 146.11 -82.33
OS 145.81 -82.63
OS 145.75 -82.65
OS 145.54 -82.65
OS 145.48 -82.66
OS 145.41 -82.71
OS 145.41 -82.71
OS 145.36 -82.78
OS 145.35 -82.84
OS 145.35 -82.85
OS 145.33 -82.90
OS 145.28 -82.92
OS 145.23 -82.90
OS 145.22 -82.90
OS 145.22 -82.90
OS 145.22 -82.89
OS 145.22 -82.89
OS 145.13 -82.83
OS 145.03 -82.79
OS 145.03 -82.79
OS 144.97 -82.78
OS 144.92 -82.75
OS 144.89 -82.71
OS 144.82 -82.66
OS 144.76 -82.65
OS 144.76 -82.65
OS 144.34 -82.65
OS 144.28 -82.66
OS 144.21 -82.71
OS 144.19 -82.74
OS 144.14 -82.77
OS 144.13 -82.77
OS 144.10 -82.77
OS 144.05 -82.75
OS 143.98 -82.68
OS 143.88 -82.63
OS 143.88 -82.63
OS 143.78 -82.60
OS 143.78 -82.60
OS 143.68 -82.60
OS 143.68 -82.60
OS 143.58 -82.63
OS 143.58 -82.63
OS 143.48 -82.68
OS 143.41 -82.75
OS 143.36 -82.85
OS 143.36 -82.85
OS 143.33 -82.95
OS 143.33 -83.05
OS 143.36 -83.15
OS 143.36 -83.15
OS 143.40 -83.22
OS 143.41 -83.25
OS 143.48 -83.32
OS 143.58 -83.37
OS 143.68 -83.40
OS 143.68 -83.40
OS 143.68 -83.40
OS 143.78 -83.40
OS 143.78 -83.40
OS 143.88 -83.37
OS 143.98 -83.32
OS 144.05 -83.25
OS 144.10 -83.23
OS 144.13 -83.23
OS 144.18 -83.25
OS 144.19 -83.26
OS 144.21 -83.29
OS 144.22 -83.30
OS 144.21 -83.30
OS 144.24 -83.34
OS 144.23 -83.39
OS 144.22 -83.40
OS 144.22 -83.40
OS 144.21 -83.41
OS 144.16 -83.48
OS 144.15 -83.54
OS 144.15 -83.86
OS 144.15 -83.86
OS 144.16 -83.92
OS 144.21 -83.99
OS 144.21 -83.99
OS 144.22 -84.0
OS 144.21 -84.0
OS 144.24 -84.04
OS 144.23 -84.09
OS 144.22 -84.10
OS 144.22 -84.10
OS 144.21 -84.11
OS 144.19 -84.14
OS 144.14 -84.17
OS 144.13 -84.17
OS 144.09 -84.17
OS 144.04 -84.15
OS 144.03 -84.14
OS 144.02 -84.12
OS 143.95 -84.05
OS 143.85 -84.0
OS 143.85 -84.0
OS 143.75 -83.97
OS 143.75 -83.97
OS 143.65 -83.97
OS 143.65 -83.97
OS 143.55 -84.0
OS 143.55 -84.0
OS 143.45 -84.05
OS 143.38 -84.12
OS 143.33 -84.22
OS 143.33 -84.22
OS 143.30 -84.32
OS 141.75 -84.32
OS 141.75 -81.25
OS 141.75 -81.25
OS 141.75 -81.21
OS 141.76 -81.08
OS 141.77 -81.07
OS 141.77 -81.03
OS 141.77 -81.03
OS 141.81 -80.88
OS 141.81 -80.87
OS 141.82 -80.84
OS 141.82 -80.84
OS 141.88 -80.69
OS 141.89 -80.68
OS 141.89 -80.68
OS 141.89 -80.68
OS 141.99 -80.52
OS 141.99 -80.51
OS 142.11 -80.37
OS 142.12 -80.36
OS 142.26 -80.24
OS 142.27 -80.24
OS 142.43 -80.14
OS 142.43 -80.14
OS 142.43 -80.14
OS 142.44 -80.13
OS 142.59 -80.07
OS 142.59 -80.07
OS 142.62 -80.06
OS 142.63 -80.06
OS 142.78 -80.02
OS 142.78 -80.02
OS 142.82 -80.02
OS 142.83 -80.01
OS 143.0 -80.0
OS 143.0 -80.0
OS 147.74 -80.0
OE
SE
S P 0 
OB 146.39 -105.0 I
OS 146.39 -105.0
OS 146.43 -105.01
OS 146.44 -105.02
OS 146.52 -105.04
OS 146.57 -105.07
OS 146.57 -105.11
OS 146.58 -105.11
OS 146.58 -105.22
OS 146.60 -105.33
OS 146.60 -105.33
OS 146.60 -105.33
OS 146.66 -105.42
OS 146.73 -105.49
OS 146.82 -105.54
OS 146.92 -105.57
OS 146.92 -105.57
OS 146.92 -105.57
OS 147.03 -105.57
OS 147.03 -105.57
OS 147.13 -105.54
OS 147.16 -105.53
OS 147.22 -105.52
OS 147.26 -105.55
OS 147.27 -105.56
OS 147.27 -105.57
OS 147.27 -105.57
OS 147.35 -105.65
OS 147.46 -105.70
OS 147.48 -105.70
OS 148.82 -105.70
OS 148.84 -105.70
OS 148.95 -105.65
OS 149.03 -105.57
OS 149.03 -105.57
OS 149.03 -105.57
OS 149.03 -105.57
OS 149.03 -105.57
OS 149.03 -105.57
OS 149.07 -105.53
OS 149.10 -105.53
OS 149.12 -105.53
OS 149.17 -105.55
OS 149.18 -105.56
OS 149.21 -105.59
OS 149.22 -105.61
OS 149.27 -105.64
OS 149.27 -105.64
OS 149.27 -105.64
OS 149.33 -105.65
OS 149.33 -105.65
OS 149.87 -105.65
OS 149.87 -105.65
OS 149.93 -105.64
OS 149.96 -105.62
OS 150.01 -105.61
OS 150.04 -105.62
OS 150.07 -105.64
OS 150.13 -105.65
OS 150.13 -105.65
OS 150.67 -105.65
OS 150.67 -105.65
OS 150.73 -105.64
OS 150.79 -105.59
OS 150.83 -105.54
OS 150.88 -105.51
OS 150.94 -105.52
OS 150.96 -105.55
OS 150.97 -105.57
OS 151.05 -105.65
OS 151.12 -105.68
OS 151.16 -105.72
OS 151.16 -105.78
OS 151.12 -105.82
OS 151.05 -105.85
OS 150.97 -105.93
OS 150.93 -106.03
OS 150.92 -106.06
OS 150.92 -106.44
OS 150.93 -106.47
OS 150.93 -106.48
OS 150.93 -106.48
OS 150.93 -106.53
OS 150.91 -106.55
OS 150.74 -106.73
OS 150.68 -106.75
OS 150.54 -106.75
OS 150.51 -106.76
OS 150.48 -106.76
OS 150.41 -106.81
OS 150.41 -106.81
OS 150.36 -106.88
OS 150.35 -106.94
OS 150.35 -107.38
OS 150.33 -107.43
OS 150.13 -107.63
OS 150.08 -107.65
OS 149.90 -107.65
OS 149.80 -107.68
OS 149.80 -107.68
OS 149.70 -107.73
OS 149.63 -107.80
OS 149.58 -107.90
OS 149.58 -107.90
OS 149.55 -108.0
OS 149.55 -108.10
OS 149.58 -108.20
OS 149.58 -108.20
OS 149.63 -108.30
OS 149.71 -108.37
OS 149.73 -108.43
OS 149.71 -108.48
OS 149.65 -108.50
OS 148.68 -108.50
OS 148.67 -108.50
OS 148.67 -108.50
OS 148.60 -108.50
OS 148.54 -108.48
OS 148.52 -108.43
OS 148.54 -108.37
OS 148.58 -108.34
OS 148.62 -108.30
OS 148.67 -108.20
OS 148.69 -108.13
OS 148.70 -108.10
OS 148.70 -108.0
OS 148.70 -108.0
OS 148.70 -107.98
OS 148.67 -107.90
OS 148.62 -107.80
OS 148.55 -107.73
OS 148.52 -107.71
OS 148.45 -107.68
OS 148.45 -107.68
OS 148.35 -107.65
OS 148.35 -107.65
OS 148.14 -107.65
OS 148.13 -107.65
OS 148.12 -107.65
OS 148.10 -107.64
OS 148.10 -107.64
OS 148.08 -107.63
OS 148.07 -107.62
OS 148.06 -107.62
OS 146.36 -105.92
OS 146.34 -105.88
OS 146.34 -105.87
OS 146.34 -105.86
OS 146.33 -105.85
OS 146.32 -105.81
OS 146.32 -105.08
OS 146.34 -105.02
OS 146.39 -105.0
OE
SE
S P 0 
OB 151.16 -101.24 I
OS 151.16 -101.24
OS 151.21 -101.25
OS 151.24 -101.28
OS 151.25 -101.30
OS 151.27 -101.33
OS 151.27 -101.33
OS 151.27 -101.33
OS 151.27 -101.34
OS 151.29 -101.38
OS 151.29 -101.88
OS 151.28 -101.91
OS 151.23 -102.01
OS 151.23 -102.01
OS 151.20 -102.11
OS 151.20 -102.21
OS 151.23 -102.31
OS 151.23 -102.31
OS 151.25 -102.35
OS 151.28 -102.41
OS 151.35 -102.48
OS 151.45 -102.53
OS 151.55 -102.56
OS 151.55 -102.56
OS 151.55 -102.56
OS 151.65 -102.56
OS 151.65 -102.56
OS 151.75 -102.53
OS 151.85 -102.48
OS 151.92 -102.41
OS 151.97 -102.31
OS 152.0 -102.21
OS 152.0 -102.21
OS 152.0 -102.11
OS 152.0 -102.11
OS 151.99 -102.07
OS 151.97 -102.01
OS 151.92 -101.91
OS 151.91 -101.91
OS 151.89 -101.85
OS 151.89 -101.38
OS 151.91 -101.34
OS 151.91 -101.33
OS 151.91 -101.33
OS 151.91 -101.33
OS 151.93 -101.29
OS 151.98 -101.26
OS 152.04 -101.26
OS 152.05 -101.27
OS 152.10 -101.32
OS 152.10 -101.32
OS 152.10 -101.32
OS 152.19 -101.38
OS 152.29 -101.40
OS 152.29 -101.40
OS 152.29 -101.40
OS 152.40 -101.40
OS 152.40 -101.40
OS 152.50 -101.38
OS 152.59 -101.32
OS 152.62 -101.30
OS 152.67 -101.28
OS 152.69 -101.28
OS 152.70 -101.28
OS 152.71 -101.28
OS 152.73 -101.28
OS 152.75 -101.29
OS 152.77 -101.30
OS 152.79 -101.30
OS 152.81 -101.32
OS 152.82 -101.33
OS 152.86 -101.37
OS 152.86 -101.37
OS 152.97 -101.48
OS 153.01 -101.52
OS 153.01 -101.52
OS 153.02 -101.53
OS 153.04 -101.55
OS 153.04 -101.57
OS 153.05 -101.59
OS 153.06 -101.61
OS 153.06 -101.63
OS 153.05 -101.68
OS 153.0 -101.71
OS 153.01 -101.71
OS 153.0 -101.71
OS 153.0 -101.71
OS 153.0 -101.71
OS 152.99 -101.71
OS 152.98 -101.71
OS 152.96 -101.72
OS 152.94 -101.72
OS 152.92 -101.73
OS 152.92 -101.73
OS 152.89 -101.74
OS 152.87 -101.75
OS 152.86 -101.75
OS 152.86 -101.75
OS 152.86 -101.75
OS 152.86 -101.75
OS 152.85 -101.76
OS 152.82 -101.78
OS 152.81 -101.78
OS 152.81 -101.78
OS 152.80 -101.79
OS 152.79 -101.80
OS 152.78 -101.81
OS 152.77 -101.82
OS 152.76 -101.83
OS 152.74 -101.84
OS 152.74 -101.84
OS 152.74 -101.85
OS 152.73 -101.87
OS 152.72 -101.87
OS 152.72 -101.87
OS 152.71 -101.89
OS 152.70 -101.91
OS 152.69 -101.92
OS 152.69 -101.92
OS 152.69 -101.93
OS 152.68 -101.94
OS 152.68 -101.95
OS 152.67 -101.97
OS 152.67 -101.99
OS 152.66 -102.0
OS 152.66 -102.0
OS 152.66 -102.01
OS 152.65 -102.03
OS 152.65 -102.04
OS 152.65 -102.04
OS 152.65 -102.05
OS 152.65 -102.08
OS 152.64 -102.09
OS 152.64 -102.09
OS 152.65 -102.10
OS 152.65 -102.12
OS 152.64 -102.13
OS 152.65 -102.14
OS 152.65 -102.17
OS 152.65 -102.18
OS 152.65 -102.19
OS 152.66 -102.21
OS 152.66 -102.22
OS 152.66 -102.22
OS 152.67 -102.23
OS 152.67 -102.25
OS 152.68 -102.27
OS 152.68 -102.27
OS 152.68 -102.28
OS 152.69 -102.29
OS 152.69 -102.30
OS 152.70 -102.31
OS 152.71 -102.33
OS 152.72 -102.35
OS 152.73 -102.35
OS 152.74 -102.37
OS 152.74 -102.38
OS 152.74 -102.38
OS 152.76 -102.39
OS 152.77 -102.40
OS 152.78 -102.41
OS 152.79 -102.42
OS 152.79 -102.42
OS 152.80 -102.43
OS 152.81 -102.44
OS 152.82 -102.44
OS 152.85 -102.46
OS 152.86 -102.47
OS 152.87 -102.47
OS 152.89 -102.48
OS 152.92 -102.49
OS 152.92 -102.49
OS 152.94 -102.50
OS 152.96 -102.50
OS 152.98 -102.51
OS 152.99 -102.51
OS 153.0 -102.51
OS 153.0 -102.51
OS 153.0 -102.51
OS 153.0 -102.51
OS 153.0 -102.51
OS 153.05 -102.54
OS 153.06 -102.58
OS 153.06 -104.07
OS 153.06 -104.08
OS 153.06 -104.13
OS 153.05 -104.15
OS 153.04 -104.18
OS 153.03 -104.20
OS 153.0 -104.23
OS 153.0 -104.24
OS 152.98 -104.26
OS 152.97 -104.27
OS 152.93 -104.29
OS 152.92 -104.30
OS 152.88 -104.32
OS 152.86 -104.32
OS 152.86 -104.32
OS 152.80 -104.31
OS 152.78 -104.26
OS 152.78 -104.25
OS 152.78 -104.06
OS 152.77 -104.03
OS 152.73 -103.93
OS 152.65 -103.85
OS 152.54 -103.80
OS 152.54 -103.80
OS 152.54 -103.80
OS 152.52 -103.80
OS 152.52 -103.80
OS 152.52 -103.80
OS 151.18 -103.80
OS 151.16 -103.80
OS 151.16 -103.80
OS 151.05 -103.85
OS 150.97 -103.93
OS 150.96 -103.95
OS 150.92 -103.99
OS 150.86 -103.99
OS 150.83 -103.96
OS 150.83 -103.95
OS 150.79 -103.91
OS 150.76 -103.88
OS 150.73 -103.86
OS 150.73 -103.86
OS 150.70 -103.86
OS 150.67 -103.85
OS 150.13 -103.85
OS 150.10 -103.86
OS 150.07 -103.86
OS 150.04 -103.88
OS 149.99 -103.89
OS 149.96 -103.88
OS 149.93 -103.86
OS 149.93 -103.86
OS 149.90 -103.86
OS 149.87 -103.85
OS 149.33 -103.85
OS 149.30 -103.86
OS 149.27 -103.86
OS 149.21 -103.91
OS 149.21 -103.91
OS 149.18 -103.94
OS 149.13 -103.97
OS 149.12 -103.97
OS 149.10 -103.97
OS 149.04 -103.95
OS 149.03 -103.93
OS 149.03 -103.93
OS 148.95 -103.85
OS 148.88 -103.82
OS 148.84 -103.78
OS 148.84 -103.72
OS 148.88 -103.68
OS 148.95 -103.65
OS 149.03 -103.57
OS 149.07 -103.47
OS 149.08 -103.44
OS 149.08 -103.06
OS 149.07 -103.03
OS 149.03 -102.93
OS 149.03 -102.88
OS 149.05 -102.85
OS 149.12 -102.77
OS 149.18 -102.75
OS 149.46 -102.75
OS 149.46 -102.75
OS 149.52 -102.74
OS 149.59 -102.69
OS 149.64 -102.62
OS 149.65 -102.56
OS 149.65 -102.30
OS 149.67 -102.25
OS 150.65 -101.27
OS 150.70 -101.25
OS 151.11 -101.25
OS 151.11 -101.25
OS 151.16 -101.24
OE
SE
S P 0 
OB 151.57 -93.20 I
OS 151.57 -93.20
OS 151.62 -93.22
OS 152.13 -93.73
OS 152.17 -93.77
OS 152.18 -93.77
OS 152.31 -93.92
OS 152.31 -93.93
OS 152.42 -94.09
OS 152.42 -94.10
OS 152.46 -94.18
OS 152.51 -94.27
OS 152.51 -94.28
OS 152.58 -94.46
OS 152.58 -94.47
OS 152.62 -94.66
OS 152.62 -94.67
OS 152.63 -94.87
OS 152.63 -94.87
OS 152.63 -96.65
OS 152.64 -96.72
OS 152.63 -96.78
OS 152.58 -96.80
OS 152.55 -96.80
OS 152.54 -96.80
OS 152.52 -96.80
OS 152.52 -96.80
OS 152.52 -96.80
OS 151.18 -96.80
OS 151.16 -96.80
OS 151.16 -96.80
OS 151.05 -96.85
OS 150.97 -96.93
OS 150.97 -96.93
OS 150.97 -96.93
OS 150.97 -96.93
OS 150.97 -96.93
OS 150.93 -96.97
OS 150.90 -96.97
OS 150.88 -96.97
OS 150.83 -96.95
OS 150.82 -96.94
OS 150.81 -96.93
OS 150.79 -96.91
OS 150.76 -96.88
OS 150.73 -96.86
OS 150.73 -96.86
OS 150.70 -96.85
OS 150.67 -96.85
OS 150.13 -96.85
OS 150.10 -96.85
OS 150.07 -96.86
OS 150.04 -96.88
OS 149.99 -96.89
OS 149.96 -96.88
OS 149.93 -96.86
OS 149.93 -96.86
OS 149.90 -96.85
OS 149.87 -96.85
OS 149.33 -96.85
OS 149.30 -96.85
OS 149.27 -96.86
OS 149.21 -96.91
OS 149.21 -96.91
OS 149.17 -96.96
OS 149.12 -96.99
OS 149.06 -96.98
OS 149.04 -96.95
OS 149.03 -96.94
OS 149.03 -96.93
OS 148.95 -96.85
OS 148.88 -96.82
OS 148.84 -96.78
OS 148.84 -96.72
OS 148.88 -96.68
OS 148.95 -96.65
OS 149.03 -96.57
OS 149.07 -96.47
OS 149.08 -96.44
OS 149.08 -96.06
OS 149.07 -96.03
OS 149.03 -95.93
OS 149.03 -95.93
OS 149.02 -95.92
OS 149.02 -95.92
OS 149.02 -95.92
OS 149.0 -95.87
OS 149.03 -95.82
OS 149.12 -95.72
OS 149.18 -95.70
OS 149.46 -95.70
OS 149.46 -95.70
OS 149.52 -95.69
OS 149.59 -95.64
OS 149.64 -95.57
OS 149.65 -95.51
OS 149.65 -95.23
OS 149.67 -95.18
OS 150.58 -94.27
OS 150.63 -94.25
OS 151.11 -94.25
OS 151.11 -94.25
OS 151.17 -94.24
OS 151.24 -94.19
OS 151.29 -94.12
OS 151.30 -94.06
OS 151.30 -93.47
OS 151.32 -93.41
OS 151.52 -93.22
OS 151.57 -93.20
OE
SE
S P 0 
OB 153.67 -84.68 I
OS 153.67 -84.68
OS 153.71 -84.69
OS 153.83 -84.82
OS 153.95 -84.94
OS 153.95 -84.94
OS 154.01 -85.01
OS 154.02 -85.03
OS 154.05 -85.10
OS 154.05 -85.12
OS 154.06 -85.21
OS 154.06 -85.22
OS 154.06 -90.73
OS 154.04 -90.78
OS 153.99 -90.80
OS 153.94 -90.78
OS 153.76 -90.61
OS 153.76 -90.61
OS 153.76 -90.61
OS 153.76 -90.61
OS 153.64 -90.52
OS 153.50 -90.45
OS 153.36 -90.40
OS 153.36 -90.40
OS 153.21 -90.37
OS 153.21 -90.37
OS 153.17 -90.37
OS 152.85 -90.37
OS 152.80 -90.35
OS 152.78 -90.30
OS 152.78 -90.06
OS 152.77 -90.03
OS 152.77 -90.03
OS 152.73 -89.93
OS 152.65 -89.85
OS 152.54 -89.80
OS 152.54 -89.80
OS 152.54 -89.80
OS 152.52 -89.80
OS 152.52 -89.80
OS 152.52 -89.80
OS 151.18 -89.80
OS 151.16 -89.80
OS 151.16 -89.80
OS 151.05 -89.85
OS 150.97 -89.93
OS 150.97 -89.93
OS 150.97 -89.93
OS 150.97 -89.93
OS 150.97 -89.93
OS 150.93 -89.97
OS 150.90 -89.97
OS 150.88 -89.97
OS 150.83 -89.95
OS 150.82 -89.94
OS 150.82 -89.94
OS 150.79 -89.91
OS 150.76 -89.88
OS 150.73 -89.86
OS 150.73 -89.86
OS 150.70 -89.86
OS 150.67 -89.85
OS 150.13 -89.85
OS 150.10 -89.86
OS 150.07 -89.86
OS 150.04 -89.88
OS 149.99 -89.89
OS 149.96 -89.88
OS 149.93 -89.86
OS 149.93 -89.86
OS 149.90 -89.86
OS 149.87 -89.85
OS 149.33 -89.85
OS 149.30 -89.86
OS 149.27 -89.86
OS 149.21 -89.91
OS 149.21 -89.91
OS 149.17 -89.96
OS 149.12 -89.99
OS 149.06 -89.98
OS 149.04 -89.95
OS 149.03 -89.94
OS 149.03 -89.93
OS 148.95 -89.85
OS 148.88 -89.82
OS 148.84 -89.78
OS 148.84 -89.72
OS 148.88 -89.68
OS 148.95 -89.65
OS 149.03 -89.57
OS 149.07 -89.47
OS 149.08 -89.44
OS 149.08 -89.06
OS 149.07 -89.03
OS 149.07 -89.03
OS 149.07 -89.02
OS 149.07 -89.02
OS 149.07 -88.97
OS 149.09 -88.95
OS 149.26 -88.77
OS 149.32 -88.75
OS 149.46 -88.75
OS 149.46 -88.75
OS 149.52 -88.74
OS 149.59 -88.69
OS 149.64 -88.62
OS 149.65 -88.56
OS 149.65 -88.38
OS 149.67 -88.33
OS 150.41 -87.59
OS 150.46 -87.49
OS 150.47 -87.46
OS 150.50 -87.38
OS 150.50 -87.32
OS 150.52 -87.27
OS 150.57 -87.25
OS 151.11 -87.25
OS 151.11 -87.25
OS 151.17 -87.24
OS 151.24 -87.19
OS 151.29 -87.12
OS 151.30 -87.06
OS 151.30 -86.69
OS 151.32 -86.64
OS 151.76 -86.20
OS 152.21 -85.75
OS 152.22 -85.74
OS 152.26 -85.70
OS 152.28 -85.70
OS 152.52 -85.70
OS 152.52 -85.70
OS 152.54 -85.70
OS 152.65 -85.65
OS 152.73 -85.57
OS 152.76 -85.49
OS 152.78 -85.47
OS 153.18 -85.07
OS 153.21 -85.05
OS 153.21 -85.05
OS 153.21 -85.05
OS 153.32 -85.02
OS 153.43 -84.96
OS 153.51 -84.88
OS 153.57 -84.77
OS 153.58 -84.73
OS 153.62 -84.68
OS 153.67 -84.68
OE
SE
P 150.40 -96.30 10 P 0 8 90.0 ;0=0,2
P 148.15 -99.25 5 P 0 8 90.0 ;0=0,2
P 144.28 -94.95 12 P 0 8 90.0 ;0=0,2
P 144.28 -100.55 12 P 0 8 90.0 ;0=0,2
P 148.15 -92.25 5 P 0 8 90.0 ;0=0,2
P 144.28 -87.95 12 P 0 8 90.0 ;0=0,2
P 144.28 -93.55 12 P 0 8 90.0 ;0=0,2
P 149.60 -106.20 10 P 0 8 270.0 ;0=0,2
P 149.17 -93.50 6 P 0 8 180.0 ;0=0,2
P 150.40 -82.30 10 P 0 8 90.0 ;0=0,2
P 149.17 -100.50 6 P 0 8 180.0 ;0=0,2
P 149.17 -107.50 6 P 0 8 180.0 ;0=0,2
P 149.60 -103.30 10 P 0 8 90.0 ;0=0,2
P 150.40 -106.20 10 P 0 8 270.0 ;0=0,2
P 150.40 -92.20 10 P 0 8 270.0 ;0=0,2
P 150.40 -99.20 10 P 0 8 270.0 ;0=0,2
P 150.82 -102.0 6 P 0 8 0.0 ;0=0,2
P 151.85 -103.25 5 P 0 8 270.0 ;0=0,2
P 155.72 -107.55 12 P 0 8 270.0 ;0=0,2
P 155.72 -101.95 12 P 0 8 270.0 ;0=0,2
P 151.85 -82.25 5 P 0 8 270.0 ;0=0,2
P 155.72 -86.55 12 P 0 8 270.0 ;0=0,2
P 155.72 -80.95 12 P 0 8 270.0 ;0=0,2
P 149.17 -86.50 6 P 0 8 180.0 ;0=0,2
P 150.40 -89.30 10 P 0 8 90.0 ;0=0,2
P 146.19 -115.15 13 P 0 8 270.0 ;0=0,2
P 150.82 -94.95 6 P 0 8 0.0 ;0=0,2
P 150.40 -85.20 10 P 0 8 270.0 ;0=0,2
P 149.60 -92.20 10 P 0 8 270.0 ;0=0,2
P 151.85 -89.25 5 P 0 8 270.0 ;0=0,2
P 155.72 -93.55 12 P 0 8 270.0 ;0=0,2
P 155.72 -87.95 12 P 0 8 270.0 ;0=0,2
P 149.60 -96.30 10 P 0 8 90.0 ;0=0,2
P 148.15 -106.25 5 P 0 8 90.0 ;0=0,2
P 144.28 -101.95 12 P 0 8 90.0 ;0=0,2
P 144.28 -107.55 12 P 0 8 90.0 ;0=0,2
P 150.82 -88.0 6 P 0 8 0.0 ;0=0,2
P 150.40 -103.30 10 P 0 8 90.0 ;0=0,2
P 149.60 -99.20 10 P 0 8 270.0 ;0=0,2
P 151.85 -96.25 5 P 0 8 270.0 ;0=0,2
P 155.72 -100.55 12 P 0 8 270.0 ;0=0,2
P 155.72 -94.95 12 P 0 8 270.0 ;0=0,2
P 149.60 -89.30 10 P 0 8 90.0 ;0=0,2
L 146.67 -85.80 147.28 -86.41 7 P 0 
L 146.55 -85.80 146.67 -85.80 7 P 0 
L 147.75 -86.50 147.91 -86.50 7 P 0 
L 147.49 -86.50 147.75 -86.50 7 P 0 
L 147.91 -86.50 148.44 -85.97 7 P 0 
P 148.44 -85.97 1 P 0 8 0.0 ;0=1,1=0
A 147.49 -86.50 147.28 -86.41 147.49 -86.20 7 P 0 Y 
P 147.75 -86.50 9 P 0 8 0.0 ;0=0,2
P 146.55 -85.80 9 P 0 8 0.0 ;0=0,2
L 147.42 -85.10 147.75 -85.10 7 P 0 
L 146.60 -84.40 147.21 -85.01 7 P 0 
L 146.55 -84.40 146.60 -84.40 7 P 0 
L 148.62 -85.10 148.63 -85.09 7 P 0 
L 147.75 -85.10 148.62 -85.10 7 P 0 
P 148.63 -85.09 1 P 0 8 0.0 ;0=1,1=0
A 147.42 -85.10 147.21 -85.01 147.42 -84.80 7 P 0 Y 
P 147.75 -85.10 9 P 0 8 0.0 ;0=0,2
P 146.55 -84.40 9 P 0 8 0.0 ;0=0,2
L 146.60 -83.0 147.21 -83.61 7 P 0 
L 148.59 -83.70 148.63 -83.74 7 P 0 
L 146.55 -83.0 146.60 -83.0 7 P 0 
L 147.42 -83.70 147.75 -83.70 7 P 0 
L 147.75 -83.70 148.59 -83.70 7 P 0 
P 148.63 -83.74 1 P 0 8 0.0 ;0=1,1=0
A 147.42 -83.70 147.21 -83.61 147.42 -83.40 7 P 0 Y 
P 147.75 -83.70 9 P 0 8 0.0 ;0=0,2
P 146.55 -83.0 9 P 0 8 0.0 ;0=0,2
L 148.59 -82.30 148.60 -82.29 7 P 0 
L 146.62 -81.60 147.23 -82.21 7 P 0 
L 146.55 -81.60 146.62 -81.60 7 P 0 
L 147.44 -82.30 147.75 -82.30 7 P 0 
L 147.75 -82.30 148.59 -82.30 7 P 0 
P 148.60 -82.29 1 P 0 8 0.0 ;0=1,1=0
A 147.44 -82.30 147.23 -82.21 147.44 -82.0 7 P 0 Y 
P 147.75 -82.30 9 P 0 8 0.0 ;0=0,2
P 146.55 -81.60 9 P 0 8 0.0 ;0=0,2
L 145.75 -86.50 145.71 -86.50 7 P 0 
L 144.13 -85.87 143.75 -86.25 7 P 0 
L 144.88 -85.80 144.55 -85.80 7 P 0 
L 144.55 -85.80 144.30 -85.80 7 P 0 
L 145.71 -86.50 145.09 -85.89 7 P 0 
P 143.75 -86.25 1 P 0 8 0.0 ;0=1,1=0
A 144.88 -85.80 145.09 -85.89 144.88 -86.10 7 P 0 Y 
A 144.13 -85.87 144.30 -85.80 144.30 -86.05 7 P 0 Y 
P 145.75 -86.50 9 P 0 8 0.0 ;0=0,2
P 144.55 -85.80 9 P 0 8 0.0 ;0=0,2
L 144.88 -84.40 144.55 -84.40 7 P 0 
L 144.55 -84.40 143.73 -84.40 7 P 0 
L 145.71 -85.10 145.09 -84.49 7 P 0 
L 143.73 -84.40 143.70 -84.37 7 P 0 
L 145.75 -85.10 145.71 -85.10 7 P 0 
P 143.70 -84.37 1 P 0 8 0.0 ;0=1,1=0
A 144.88 -84.40 145.09 -84.49 144.88 -84.70 7 P 0 Y 
P 145.75 -85.10 9 P 0 8 0.0 ;0=0,2
P 144.55 -84.40 9 P 0 8 0.0 ;0=0,2
L 144.88 -83.0 144.55 -83.0 7 P 0 
L 145.75 -83.70 145.71 -83.70 7 P 0 
L 143.73 -83.0 144.55 -83.0 7 P 0 
L 145.71 -83.70 145.09 -83.09 7 P 0 
P 143.73 -83.0 1 P 0 8 0.0 ;0=1,1=0
A 144.88 -83.0 145.09 -83.09 144.88 -83.30 7 P 0 Y 
P 145.75 -83.70 9 P 0 8 0.0 ;0=0,2
P 144.55 -83.0 9 P 0 8 0.0 ;0=0,2
L 154.40 -108.60 154.50 -108.50 2 P 0 
L 153.81 -115.15 154.25 -114.71 2 P 0 
L 154.25 -114.71 154.25 -108.96 2 P 0 
P 154.50 -108.50 2 P 0 8 0.0 ;0=1,1=1
A 154.25 -108.96 154.40 -108.60 154.75 -108.96 2 P 0 Y 
P 153.81 -115.15 13 P 0 8 270.0 ;0=0,2
